IGS14     129000000W120000000W 36 49000000N 51000000N  8     Vancouver          
  1  1    49.000000   231.000000   -4.35    3.03   -0.73    3.04    2.62    3.11
  1  2    49.250000   231.000000   -5.42    2.67   -2.43    2.68    2.58    2.75
  1  3    49.500000   231.000000   -6.58    2.34   -4.34    2.34    2.56    2.41
  1  4    49.750000   231.000000   -7.75    2.02   -6.39    2.02    2.54    2.08
  1  5    50.000000   231.000000   -8.87    1.71   -8.47    1.71    2.54    1.77
  1  6    50.250000   231.000000   -9.87    1.40  -10.46    1.40    2.55    1.50
  1  7    50.500000   231.000000  -10.74    1.13  -12.21    1.12    2.55    1.33
  1  8    50.750000   231.000000  -11.45    1.04  -13.51    1.02    2.55    1.42
  1  9    51.000000   231.000000  -11.85    1.34  -14.15    1.31    2.55    1.76
  2  1    49.000000   231.250000   -4.32    2.86   -0.73    2.87    2.63    2.95
  2  2    49.250000   231.250000   -5.39    2.50   -2.42    2.51    2.58    2.58
  2  3    49.500000   231.250000   -6.55    2.16   -4.32    2.16    2.56    2.23
  2  4    49.750000   231.250000   -7.73    1.83   -6.36    1.83    2.55    1.90
  2  5    50.000000   231.250000   -8.84    1.51   -8.41    1.51    2.55    1.57
  2  6    50.250000   231.250000   -9.81    1.18  -10.38    1.18    2.56    1.27
  2  7    50.500000   231.250000  -10.63    0.88  -12.13    0.87    2.56    1.06
  2  8    50.750000   231.250000  -11.32    0.75  -13.42    0.72    2.57    1.13
  2  9    51.000000   231.250000  -11.68    0.99  -14.05    0.96    2.56    1.40
  3  1    49.000000   231.500000   -4.24    2.66   -0.69    2.67    2.65    2.74
  3  2    49.250000   231.500000   -5.32    2.30   -2.37    2.30    2.60    2.38
  3  3    49.500000   231.500000   -6.49    1.96   -4.26    1.96    2.57    2.03
  3  4    49.750000   231.500000   -7.68    1.63   -6.29    1.63    2.56    1.69
  3  5    50.000000   231.500000   -8.81    1.31   -8.33    1.31    2.57    1.37
  3  6    50.250000   231.500000   -9.76    0.98  -10.27    0.97    2.59    1.04
  3  7    50.500000   231.500000  -10.46    0.64  -12.01    0.63    2.59    0.75
  3  8    50.750000   231.500000  -11.04    0.49  -13.37    0.47    2.59    0.76
  3  9    51.000000   231.500000  -11.40    0.77  -13.96    0.75    2.58    1.04
  4  1    49.000000   231.750000   -4.11    2.43   -0.60    2.43    2.68    2.51
  4  2    49.250000   231.750000   -5.20    2.07   -2.27    2.07    2.62    2.15
  4  3    49.500000   231.750000   -6.40    1.73   -4.17    1.73    2.58    1.80
  4  4    49.750000   231.750000   -7.62    1.42   -6.22    1.42    2.56    1.48
  4  5    50.000000   231.750000   -8.79    1.12   -8.27    1.12    2.59    1.17
  4  6    50.250000   231.750000   -9.77    0.80  -10.16    0.80    2.64    0.85
  4  7    50.500000   231.750000  -10.38    0.42  -11.81    0.42    2.63    0.46
  4  8    50.750000   231.750000  -10.73    0.32  -13.24    0.32    2.61    0.40
  4  9    51.000000   231.750000  -11.10    0.72  -13.91    0.71    2.61    0.81
  5  1    49.000000   232.000000   -3.94    2.18   -0.49    2.19    2.73    2.27
  5  2    49.250000   232.000000   -5.04    1.83   -2.14    1.83    2.66    1.91
  5  3    49.500000   232.000000   -6.27    1.49   -4.06    1.50    2.59    1.56
  5  4    49.750000   232.000000   -7.53    1.20   -6.14    1.20    2.56    1.26
  5  5    50.000000   232.000000   -8.74    0.94   -8.26    0.94    2.61    0.99
  5  6    50.250000   232.000000   -9.80    0.67  -10.19    0.67    2.71    0.73
  5  7    50.500000   232.000000  -10.61    0.36  -11.66    0.36    2.74    0.43
  5  8    50.750000   232.000000  -10.77    0.35  -13.14    0.35    2.68    0.42
  5  9    51.000000   232.000000  -10.94    0.73  -14.02    0.73    2.65    0.80
  6  1    49.000000   232.250000   -3.74    1.93   -0.36    1.94    2.81    2.02
  6  2    49.250000   232.250000   -4.85    1.58   -2.01    1.58    2.72    1.66
  6  3    49.500000   232.250000   -6.11    1.24   -3.92    1.25    2.62    1.31
  6  4    49.750000   232.250000   -7.41    0.96   -6.06    0.96    2.54    1.02
  6  5    50.000000   232.250000   -8.62    0.76   -8.29    0.76    2.59    0.81
  6  6    50.250000   232.250000   -9.72    0.58  -10.42    0.58    2.78    0.67
  6  7    50.500000   232.250000  -10.59    0.41  -12.18    0.41    2.89    0.54
  6  8    50.750000   232.250000  -10.76    0.45  -13.59    0.44    2.75    0.61
  6  9    51.000000   232.250000  -10.81    0.74  -14.31    0.73    2.66    0.89
  7  1    49.000000   232.500000   -3.52    1.68   -0.27    1.69    2.91    1.77
  7  2    49.250000   232.500000   -4.62    1.33   -1.88    1.34    2.84    1.41
  7  3    49.500000   232.500000   -5.93    0.99   -3.79    0.99    2.68    1.06
  7  4    49.750000   232.500000   -7.28    0.70   -5.97    0.70    2.50    0.75
  7  5    50.000000   232.500000   -8.42    0.55   -8.28    0.55    2.51    0.62
  7  6    50.250000   232.500000   -9.44    0.49  -10.61    0.48    2.76    0.60
  7  7    50.500000   232.500000  -10.27    0.36  -12.74    0.36    2.97    0.56
  7  8    50.750000   232.500000  -10.50    0.43  -13.84    0.42    2.70    0.67
  7  9    51.000000   232.500000  -10.58    0.71  -14.61    0.70    2.62    0.95
  8  1    49.000000   232.750000   -3.33    1.46   -0.24    1.46    3.04    1.54
  8  2    49.250000   232.750000   -4.38    1.11   -1.80    1.11    3.01    1.18
  8  3    49.500000   232.750000   -5.70    0.76   -3.69    0.76    2.84    0.82
  8  4    49.750000   232.750000   -7.23    0.42   -5.89    0.42    2.51    0.47
  8  5    50.000000   232.750000   -8.21    0.31   -8.22    0.31    2.41    0.41
  8  6    50.250000   232.750000   -9.06    0.42  -10.45    0.42    2.62    0.55
  8  7    50.500000   232.750000   -9.80    0.41  -12.34    0.41    2.72    0.55
  8  8    50.750000   232.750000  -10.15    0.41  -13.76    0.41    2.58    0.66
  8  9    51.000000   232.750000  -10.27    0.63  -14.73    0.62    2.53    0.95
  9  1    49.000000   233.000000   -3.23    1.25   -0.33    1.25    3.16    1.33
  9  2    49.250000   233.000000   -4.20    0.90   -1.83    0.91    3.23    0.98
  9  3    49.500000   233.000000   -5.45    0.58   -3.68    0.58    3.15    0.63
  9  4    49.750000   233.000000   -7.10    0.33   -5.95    0.34    2.76    0.37
  9  5    50.000000   233.000000   -8.26    0.36   -8.24    0.36    2.50    0.42
  9  6    50.250000   233.000000   -8.98    0.44  -10.22    0.44    2.53    0.53
  9  7    50.500000   233.000000   -9.51    0.35  -11.78    0.35    2.53    0.44
  9  8    50.750000   233.000000   -9.89    0.46  -13.33    0.45    2.48    0.63
  9  9    51.000000   233.000000  -10.05    0.65  -14.40    0.63    2.44    0.95
 10  1    49.000000   233.250000   -3.33    1.07   -0.62    1.07    3.22    1.15
 10  2    49.250000   233.250000   -4.26    0.74   -2.11    0.74    3.41    0.80
 10  3    49.500000   233.250000   -5.29    0.37   -3.82    0.37    3.53    0.43
 10  4    49.750000   233.250000   -7.10    0.37   -6.30    0.37    3.19    0.41
 10  5    50.000000   233.250000   -8.53    0.49   -8.51    0.49    2.76    0.56
 10  6    50.250000   233.250000   -9.22    0.50  -10.17    0.50    2.56    0.57
 10  7    50.500000   233.250000   -9.54    0.32  -11.44    0.32    2.45    0.43
 10  8    50.750000   233.250000   -9.85    0.54  -12.85    0.53    2.42    0.67
 10  9    51.000000   233.250000  -10.01    0.82  -13.73    0.81    2.39    0.99
 11  1    49.000000   233.500000   -3.65    0.91   -1.13    0.91    3.17    0.99
 11  2    49.250000   233.500000   -4.74    0.64   -2.71    0.64    3.42    0.70
 11  3    49.500000   233.500000   -5.88    0.33   -4.48    0.33    3.65    0.39
 11  4    49.750000   233.500000   -7.80    0.36   -7.08    0.36    3.38    0.48
 11  5    50.000000   233.500000   -9.10    0.52   -8.96    0.51    2.94    0.64
 11  6    50.250000   233.500000   -9.65    0.54  -10.35    0.54    2.65    0.67
 11  7    50.500000   233.500000   -9.87    0.53  -11.51    0.53    2.51    0.65
 11  8    50.750000   233.500000  -10.03    0.69  -12.56    0.69    2.45    0.82
 11  9    51.000000   233.500000  -10.13    0.97  -13.19    0.96    2.42    1.10
 12  1    49.000000   233.750000   -4.15    0.75   -1.82    0.75    3.01    0.84
 12  2    49.250000   233.750000   -5.53    0.59   -3.60    0.59    3.26    0.67
 12  3    49.500000   233.750000   -7.18    0.46   -5.61    0.45    3.44    0.57
 12  4    49.750000   233.750000   -8.77    0.45   -7.75    0.44    3.30    0.62
 12  5    50.000000   233.750000   -9.75    0.49   -9.41    0.49    2.99    0.70
 12  6    50.250000   233.750000  -10.11    0.53  -10.64    0.52    2.74    0.74
 12  7    50.500000   233.750000  -10.20    0.62  -11.64    0.61    2.61    0.80
 12  8    50.750000   233.750000  -10.28    0.81  -12.43    0.80    2.55    0.98
 12  9    51.000000   233.750000  -10.34    1.08  -12.86    1.07    2.53    1.23
 13  1    49.000000   234.000000   -4.69    0.57   -2.60    0.57    2.77    0.67
 13  2    49.250000   234.000000   -6.32    0.53   -4.57    0.53    3.02    0.65
 13  3    49.500000   234.000000   -8.12    0.50   -6.61    0.50    3.21    0.68
 13  4    49.750000   234.000000   -9.47    0.46   -8.48    0.46    3.17    0.70
 13  5    50.000000   234.000000  -10.17    0.42   -9.88    0.41    3.00    0.72
 13  6    50.250000   234.000000  -10.33    0.46  -10.93    0.45    2.84    0.76
 13  7    50.500000   234.000000  -10.38    0.62  -11.77    0.61    2.76    0.88
 13  8    50.750000   234.000000  -10.48    0.86  -12.36    0.85    2.73    1.09
 13  9    51.000000   234.000000  -10.55    1.14  -12.66    1.13    2.71    1.34
 14  1    49.000000   234.250000   -5.15    0.37   -3.32    0.37    2.54    0.45
 14  2    49.250000   234.250000   -6.91    0.49   -5.46    0.49    2.84    0.61
 14  3    49.500000   234.250000   -8.57    0.52   -7.42    0.51    3.08    0.70
 14  4    49.750000   234.250000   -9.62    0.45   -9.06    0.44    3.13    0.70
 14  5    50.000000   234.250000   -9.99    0.38  -10.31    0.37    3.06    0.65
 14  6    50.250000   234.250000  -10.10    0.40  -11.12    0.40    3.00    0.69
 14  7    50.500000   234.250000  -10.37    0.58  -11.82    0.57    2.97    0.88
 14  8    50.750000   234.250000  -10.59    0.87  -12.28    0.85    2.96    1.14
 14  9    51.000000   234.250000  -10.69    1.16  -12.50    1.14    2.96    1.41
 15  1    49.000000   234.500000   -5.59    0.23   -4.07    0.23    2.46    0.27
 15  2    49.250000   234.500000   -7.34    0.46   -6.24    0.46    2.84    0.58
 15  3    49.500000   234.500000   -8.81    0.47   -8.10    0.46    3.09    0.69
 15  4    49.750000   234.500000   -9.42    0.39   -9.30    0.38    3.18    0.66
 15  5    50.000000   234.500000   -9.33    0.32  -10.21    0.31    3.25    0.53
 15  6    50.250000   234.500000   -9.57    0.34  -11.09    0.33    3.25    0.56
 15  7    50.500000   234.500000  -10.28    0.55  -11.72    0.53    3.24    0.86
 15  8    50.750000   234.500000  -10.60    0.86  -12.14    0.85    3.25    1.18
 15  9    51.000000   234.500000  -10.73    1.17  -12.33    1.15    3.26    1.46
 16  1    49.000000   234.750000   -6.33    0.35   -5.12    0.35    2.76    0.40
 16  2    49.250000   234.750000   -7.60    0.38   -6.91    0.38    3.00    0.55
 16  3    49.500000   234.750000   -8.73    0.42   -8.56    0.41    3.20    0.65
 16  4    49.750000   234.750000   -9.10    0.39   -9.53    0.38    3.33    0.63
 16  5    50.000000   234.750000   -8.77    0.34   -9.88    0.33    3.51    0.48
 16  6    50.250000   234.750000   -9.05    0.38  -10.61    0.38    3.54    0.54
 16  7    50.500000   234.750000  -10.16    0.56  -11.53    0.54    3.54    0.89
 16  8    50.750000   234.750000  -10.51    0.91  -11.94    0.89    3.59    1.23
 16  9    51.000000   234.750000  -10.67    1.21  -12.11    1.19    3.61    1.51
 17  1    49.000000   235.000000   -6.78    0.33   -6.02    0.33    2.91    0.44
 17  2    49.250000   235.000000   -7.54    0.29   -7.28    0.29    3.16    0.44
 17  3    49.500000   235.000000   -8.46    0.41   -8.74    0.40    3.29    0.60
 17  4    49.750000   235.000000   -8.84    0.45   -9.62    0.44    3.44    0.66
 17  5    50.000000   235.000000   -8.89    0.42  -10.11    0.40    3.63    0.63
 17  6    50.250000   235.000000   -9.17    0.55  -10.60    0.54    3.78    0.73
 17  7    50.500000   235.000000   -9.89    0.74  -11.27    0.72    3.87    1.00
 17  8    50.750000   235.000000  -10.36    1.01  -11.71    0.99    3.95    1.30
 17  9    51.000000   235.000000  -10.55    1.30  -11.87    1.28    3.99    1.57
 18  1    49.000000   235.250000   -6.94    0.34   -6.51    0.34    2.71    0.50
 18  2    49.250000   235.250000   -7.64    0.27   -7.65    0.27    2.98    0.41
 18  3    49.500000   235.250000   -8.28    0.38   -8.90    0.38    3.17    0.59
 18  4    49.750000   235.250000   -8.72    0.46   -9.67    0.46    3.42    0.70
 18  5    50.000000   235.250000   -8.99    0.53  -10.18    0.52    3.72    0.78
 18  6    50.250000   235.250000   -9.32    0.69  -10.65    0.68    3.98    0.90
 18  7    50.500000   235.250000   -9.81    0.89  -11.14    0.88    4.18    1.12
 18  8    50.750000   235.250000  -10.22    1.15  -11.50    1.13    4.31    1.39
 18  9    51.000000   235.250000  -10.41    1.41  -11.64    1.39    4.38    1.65
 19  1    49.000000   235.500000   -7.32    0.40   -7.06    0.40    2.21    0.52
 19  2    49.250000   235.500000   -7.74    0.36   -7.96    0.36    2.37    0.47
 19  3    49.500000   235.500000   -8.19    0.39   -8.96    0.39    2.76    0.58
 19  4    49.750000   235.500000   -8.69    0.37   -9.71    0.37    3.27    0.73
 19  5    50.000000   235.500000   -9.09    0.57  -10.21    0.57    3.75    0.87
 19  6    50.250000   235.500000   -9.43    0.79  -10.67    0.78    4.15    1.02
 19  7    50.500000   235.500000   -9.81    1.01  -11.06    1.00    4.46    1.23
 19  8    50.750000   235.500000  -10.14    1.26  -11.34    1.24    4.67    1.47
 19  9    51.000000   235.500000  -10.31    1.51  -11.45    1.49    4.77    1.71
 20  1    49.000000   235.750000   -7.68    0.35   -7.60    0.34    1.66    0.47
 20  2    49.250000   235.750000   -7.86    0.28   -8.29    0.28    1.64    0.34
 20  3    49.500000   235.750000   -8.23    0.34   -9.02    0.34    2.24    0.52
 20  4    49.750000   235.750000   -8.70    0.39   -9.79    0.39    3.03    0.74
 20  5    50.000000   235.750000   -9.16    0.60  -10.30    0.60    3.73    0.91
 20  6    50.250000   235.750000   -9.52    0.84  -10.70    0.84    4.31    1.08
 20  7    50.500000   235.750000   -9.85    1.08  -11.01    1.07    4.73    1.28
 20  8    50.750000   235.750000  -10.11    1.33  -11.22    1.32    5.01    1.51
 20  9    51.000000   235.750000  -10.25    1.58  -11.30    1.56    5.15    1.74
 21  1    49.000000   236.000000   -7.86    0.38   -7.99    0.38    1.34    0.43
 21  2    49.250000   236.000000   -7.99    0.21   -8.43    0.21    1.13    0.25
 21  3    49.500000   236.000000   -8.40    0.36   -9.27    0.36    1.85    0.50
 21  4    49.750000   236.000000   -8.84    0.34  -10.00    0.33    2.84    0.73
 21  5    50.000000   236.000000   -9.26    0.63  -10.43    0.62    3.73    0.91
 21  6    50.250000   236.000000   -9.62    0.86  -10.74    0.86    4.46    1.07
 21  7    50.500000   236.000000   -9.91    1.11  -10.98    1.10    5.00    1.27
 21  8    50.750000   236.000000  -10.13    1.36  -11.14    1.35    5.35    1.50
 21  9    51.000000   236.000000  -10.24    1.61  -11.19    1.59    5.52    1.73
 22  1    49.000000   236.250000   -7.85    0.25   -8.30    0.25    1.15    0.31
 22  2    49.250000   236.250000   -8.27    0.37   -8.95    0.36    0.98    0.45
 22  3    49.500000   236.250000   -8.61    0.44   -9.62    0.44    1.65    0.58
 22  4    49.750000   236.250000   -9.02    0.48  -10.20    0.48    2.72    0.73
 22  5    50.000000   236.250000   -9.41    0.65  -10.54    0.64    3.77    0.86
 22  6    50.250000   236.250000   -9.73    0.85  -10.79    0.84    4.64    1.00
 22  7    50.500000   236.250000   -9.99    1.08  -10.97    1.07    5.27    1.20
 22  8    50.750000   236.250000  -10.17    1.34  -11.08    1.33    5.66    1.44
 22  9    51.000000   236.250000  -10.26    1.59  -11.11    1.58    5.85    1.68
 23  1    49.000000   236.500000   -8.10    0.38   -8.79    0.38    0.42    0.41
 23  2    49.250000   236.500000   -8.44    0.44   -9.39    0.43    0.61    0.50
 23  3    49.500000   236.500000   -8.84    0.51   -9.94    0.50    1.45    0.61
 23  4    49.750000   236.500000   -9.22    0.57  -10.36    0.56    2.65    0.70
 23  5    50.000000   236.500000   -9.57    0.63  -10.64    0.63    3.86    0.75
 23  6    50.250000   236.500000   -9.86    0.76  -10.82    0.76    4.85    0.86
 23  7    50.500000   236.500000  -10.08    1.00  -10.97    1.00    5.53    1.07
 23  8    50.750000   236.500000  -10.23    1.28  -11.05    1.28    5.94    1.35
 23  9    51.000000   236.500000  -10.30    1.55  -11.07    1.54    6.15    1.61
 24  1    49.000000   236.750000   -8.40    0.41   -9.29    0.41   -0.41    0.46
 24  2    49.250000   236.750000   -8.69    0.37   -9.83    0.35    0.05    0.45
 24  3    49.500000   236.750000   -9.09    0.50  -10.25    0.48    1.24    0.57
 24  4    49.750000   236.750000   -9.43    0.58  -10.53    0.57    2.62    0.63
 24  5    50.000000   236.750000   -9.74    0.53  -10.72    0.53    3.99    0.58
 24  6    50.250000   236.750000   -9.99    0.60  -10.86    0.60    5.06    0.64
 24  7    50.500000   236.750000  -10.17    0.88  -10.98    0.88    5.75    0.92
 24  8    50.750000   236.750000  -10.28    1.21  -11.05    1.21    6.16    1.25
 24  9    51.000000   236.750000  -10.35    1.50  -11.05    1.49    6.37    1.53
 25  1    49.000000   237.000000   -8.76    0.38   -9.82    0.37   -0.84    0.45
 25  2    49.250000   237.000000   -9.00    0.33  -10.22    0.33   -0.39    0.40
 25  3    49.500000   237.000000   -9.35    0.52  -10.51    0.51    1.00    0.55
 25  4    49.750000   237.000000   -9.64    0.56  -10.70    0.56    2.59    0.58
 25  5    50.000000   237.000000   -9.90    0.36  -10.82    0.36    4.12    0.38
 25  6    50.250000   237.000000  -10.10    0.36  -10.92    0.36    5.24    0.38
 25  7    50.500000   237.000000  -10.24    0.80  -11.03    0.80    5.89    0.82
 25  8    50.750000   237.000000  -10.33    1.18  -11.08    1.17    6.30    1.19
 25  9    51.000000   237.000000  -10.38    1.47  -11.08    1.46    6.50    1.49
 26  1    49.000000   237.250000   -9.18    0.37  -10.26    0.36   -0.93    0.41
 26  2    49.250000   237.250000   -9.50    0.36  -10.52    0.36   -0.41    0.41
 26  3    49.500000   237.250000   -9.64    0.55  -10.74    0.54    0.99    0.57
 26  4    49.750000   237.250000   -9.82    0.59  -10.88    0.59    2.60    0.60
 26  5    50.000000   237.250000  -10.01    0.44  -10.96    0.44    4.11    0.46
 26  6    50.250000   237.250000  -10.17    0.47  -11.04    0.47    5.23    0.49
 26  7    50.500000   237.250000  -10.28    0.86  -11.11    0.85    5.91    0.87
 26  8    50.750000   237.250000  -10.35    1.22  -11.15    1.21    6.32    1.24
 26  9    51.000000   237.250000  -10.40    1.52  -11.14    1.50    6.53    1.53
 27  1    49.000000   237.500000   -9.61    0.36  -10.65    0.35   -0.71    0.40
 27  2    49.250000   237.500000   -9.83    0.36  -10.79    0.35   -0.12    0.40
 27  3    49.500000   237.500000   -9.83    0.58  -10.98    0.57    1.24    0.60
 27  4    49.750000   237.500000   -9.92    0.67  -11.09    0.67    2.68    0.69
 27  5    50.000000   237.500000  -10.06    0.68  -11.15    0.68    4.04    0.70
 27  6    50.250000   237.500000  -10.19    0.78  -11.19    0.77    5.10    0.80
 27  7    50.500000   237.500000  -10.29    1.05  -11.23    1.04    5.80    1.07
 27  8    50.750000   237.500000  -10.35    1.37  -11.25    1.35    6.24    1.39
 27  9    51.000000   237.500000  -10.39    1.64  -11.23    1.62    6.45    1.65
 28  1    49.000000   237.750000   -9.69    0.38  -10.93    0.37   -0.12    0.41
 28  2    49.250000   237.750000   -9.75    0.40  -11.12    0.39    0.63    0.42
 28  3    49.500000   237.750000   -9.83    0.61  -11.23    0.60    1.63    0.63
 28  4    49.750000   237.750000   -9.93    0.78  -11.31    0.78    2.80    0.81
 28  5    50.000000   237.750000  -10.06    0.91  -11.35    0.90    3.96    0.94
 28  6    50.250000   237.750000  -10.17    1.07  -11.37    1.06    4.92    1.10
 28  7    50.500000   237.750000  -10.26    1.31  -11.38    1.30    5.62    1.34
 28  8    50.750000   237.750000  -10.32    1.58  -11.38    1.56    6.07    1.61
 28  9    51.000000   237.750000  -10.35    1.82  -11.34    1.80    6.29    1.85
 29  1    49.000000   238.000000   -9.58    0.34  -11.26    0.33    0.40    0.38
 29  2    49.250000   238.000000   -9.55    0.26  -11.41    0.26    1.26    0.30
 29  3    49.500000   238.000000   -9.74    0.67  -11.50    0.66    1.95    0.69
 29  4    49.750000   238.000000   -9.88    0.92  -11.54    0.92    2.89    0.95
 29  5    50.000000   238.000000  -10.01    1.12  -11.55    1.12    3.87    1.16
 29  6    50.250000   238.000000  -10.12    1.33  -11.55    1.33    4.74    1.37
 29  7    50.500000   238.000000  -10.20    1.58  -11.54    1.56    5.40    1.61
 29  8    50.750000   238.000000  -10.27    1.83  -11.52    1.81    5.84    1.86
 29  9    51.000000   238.000000  -10.30    2.05  -11.48    2.03    6.06    2.09
 30  1    49.000000   238.250000   -9.59    0.45  -11.70    0.44    0.39    0.51
 30  2    49.250000   238.250000   -9.56    0.53  -11.73    0.53    1.23    0.56
 30  3    49.500000   238.250000   -9.66    0.80  -11.75    0.80    2.02    0.83
 30  4    49.750000   238.250000   -9.80    1.09  -11.76    1.08    2.86    1.12
 30  5    50.000000   238.250000   -9.93    1.34  -11.75    1.34    3.74    1.38
 30  6    50.250000   238.250000  -10.04    1.59  -11.73    1.58    4.53    1.64
 30  7    50.500000   238.250000  -10.13    1.85  -11.70    1.83    5.16    1.89
 30  8    50.750000   238.250000  -10.19    2.09  -11.67    2.07    5.58    2.14
 30  9    51.000000   238.250000  -10.23    2.30  -11.62    2.27    5.80    2.35
 31  1    49.000000   238.500000   -9.53    0.55  -11.90    0.54    0.11    0.63
 31  2    49.250000   238.500000   -9.53    0.73  -11.96    0.73    0.99    0.78
 31  3    49.500000   238.500000   -9.59    0.99  -11.96    0.98    1.87    1.03
 31  4    49.750000   238.500000   -9.71    1.28  -11.95    1.27    2.73    1.33
 31  5    50.000000   238.500000   -9.84    1.56  -11.92    1.56    3.56    1.62
 31  6    50.250000   238.500000   -9.96    1.84  -11.89    1.83    4.30    1.90
 31  7    50.500000   238.500000  -10.05    2.11  -11.85    2.10    4.90    2.17
 31  8    50.750000   238.500000  -10.11    2.36  -11.81    2.34    5.31    2.42
 31  9    51.000000   238.500000  -10.14    2.57  -11.76    2.53    5.52    2.62
 32  1    49.000000   238.750000   -9.40    0.62  -11.98    0.62   -0.26    0.70
 32  2    49.250000   238.750000   -9.43    0.89  -12.10    0.88    0.69    0.95
 32  3    49.500000   238.750000   -9.51    1.17  -12.12    1.17    1.63    1.23
 32  4    49.750000   238.750000   -9.62    1.48  -12.11    1.47    2.52    1.54
 32  5    50.000000   238.750000   -9.75    1.79  -12.08    1.78    3.35    1.85
 32  6    50.250000   238.750000   -9.87    2.09  -12.04    2.08    4.07    2.16
 32  7    50.500000   238.750000   -9.96    2.38  -11.99    2.36    4.65    2.44
 32  8    50.750000   238.750000  -10.03    2.64  -11.94    2.61    5.05    2.70
 32  9    51.000000   238.750000  -10.06    2.84  -11.89    2.80    5.25    2.90
 33  1    49.000000   239.000000   -9.24    0.70  -12.10    0.69   -0.52    0.80
 33  2    49.250000   239.000000   -9.31    1.02  -12.21    1.02    0.44    1.11
 33  3    49.500000   239.000000   -9.40    1.35  -12.25    1.35    1.40    1.43
 33  4    49.750000   239.000000   -9.52    1.68  -12.24    1.68    2.31    1.76
 33  5    50.000000   239.000000   -9.66    2.02  -12.21    2.01    3.14    2.09
 33  6    50.250000   239.000000   -9.78    2.34  -12.16    2.33    3.85    2.41
 33  7    50.500000   239.000000   -9.88    2.65  -12.11    2.63    4.42    2.72
 33  8    50.750000   239.000000   -9.94    2.92  -12.06    2.89    4.81    2.98
 33  9    51.000000   239.000000   -9.98    3.12  -12.00    3.08    5.01    3.18
 34  1    49.000000   239.250000   -9.09    0.81  -12.28    0.80   -0.56    0.95
 34  2    49.250000   239.250000   -9.17    1.17  -12.34    1.16    0.31    1.29
 34  3    49.500000   239.250000   -9.29    1.53  -12.36    1.52    1.23    1.63
 34  4    49.750000   239.250000   -9.42    1.88  -12.35    1.88    2.13    1.98
 34  5    50.000000   239.250000   -9.57    2.24  -12.31    2.23    2.95    2.32
 34  6    50.250000   239.250000   -9.70    2.58  -12.27    2.57    3.66    2.66
 34  7    50.500000   239.250000   -9.80    2.91  -12.21    2.88    4.22    2.98
 34  8    50.750000   239.250000   -9.87    3.19  -12.15    3.16    4.61    3.26
 34  9    51.000000   239.250000   -9.91    3.40  -12.10    3.35    4.80    3.47
 35  1    49.000000   239.500000   -8.94    0.93  -12.48    0.92   -0.46    1.12
 35  2    49.250000   239.500000   -9.04    1.32  -12.47    1.32    0.27    1.48
 35  3    49.500000   239.500000   -9.19    1.71  -12.46    1.70    1.13    1.83
 35  4    49.750000   239.500000   -9.34    2.08  -12.43    2.07    1.99    2.18
 35  5    50.000000   239.500000   -9.50    2.44  -12.39    2.43    2.81    2.54
 35  6    50.250000   239.500000   -9.63    2.80  -12.34    2.79    3.51    2.89
 35  7    50.500000   239.500000   -9.74    3.15  -12.29    3.12    4.07    3.22
 35  8    50.750000   239.500000   -9.82    3.45  -12.23    3.41    4.46    3.52
 35  9    51.000000   239.500000   -9.85    3.67  -12.17    3.63    4.64    3.74
 36  1    49.000000   239.750000   -8.81    1.09  -12.65    1.08   -0.36    1.31
 36  2    49.250000   239.750000   -8.94    1.50  -12.58    1.49    0.27    1.67
 36  3    49.500000   239.750000   -9.11    1.88  -12.54    1.88    1.07    2.02
 36  4    49.750000   239.750000   -9.28    2.26  -12.49    2.25    1.91    2.38
 36  5    50.000000   239.750000   -9.45    2.63  -12.45    2.62    2.71    2.73
 36  6    50.250000   239.750000   -9.59    3.00  -12.40    2.98    3.42    3.09
 36  7    50.500000   239.750000   -9.70    3.35  -12.34    3.33    3.98    3.43
 36  8    50.750000   239.750000   -9.78    3.68  -12.28    3.64    4.36    3.75
 36  9    51.000000   239.750000   -9.81    3.93  -12.22    3.88    4.55    4.00
 37  1    49.000000   240.000000   -8.73    1.30  -12.75    1.29   -0.32    1.51
 37  2    49.250000   240.000000   -8.88    1.69  -12.64    1.68    0.27    1.86
 37  3    49.500000   240.000000   -9.06    2.06  -12.58    2.05    1.05    2.20
 37  4    49.750000   240.000000   -9.24    2.43  -12.53    2.42    1.87    2.55
 37  5    50.000000   240.000000   -9.42    2.80  -12.48    2.78    2.68    2.89
 37  6    50.250000   240.000000   -9.57    3.16  -12.42    3.14    3.38    3.25
 37  7    50.500000   240.000000   -9.68    3.52  -12.36    3.49    3.94    3.60
 37  8    50.750000   240.000000   -9.76    3.86  -12.31    3.82    4.33    3.93
 37  9    51.000000   240.000000   -9.80    4.16  -12.25    4.11    4.52    4.23