IGS14     156150000W154450000W 24 18450000N 20300000N 28    Hawaii
  1  1   18.7500000  203.7500000   34.69    2.20  -62.61    2.20    0.00    2.20
  1  2   18.8125000  203.7500000   34.69    2.20  -62.61    2.20    0.00    2.20
  1  3   18.8750000  203.7500000   34.69    2.20  -62.61    2.20    0.00    2.20
  1  4   18.9375000  203.7500000   34.69    2.20  -62.61    2.20    0.00    2.20
  1  5   19.0000000  203.7500000   34.69    2.20  -62.61    2.20    0.00    2.20
  1  6   19.0625000  203.7500000   34.69    2.20  -62.61    2.20    0.00    2.20
  1  7   19.1250000  203.7500000   34.70    1.63  -64.44    1.54    0.61    2.11
  1  8   19.1875000  203.7500000   34.70    1.63  -64.44    1.54    0.61    2.10
  1  9   19.2500000  203.7500000   34.70    1.63  -64.44    1.54    0.61    2.10
  1 10   19.3125000  203.7500000   34.82    1.43  -63.42    1.32   -0.30    1.74
  1 11   19.3750000  203.7500000   34.83    1.43  -63.42    1.32   -0.30    1.74
  1 12   19.4375000  203.7500000   34.84    1.43  -63.41    1.32   -0.31    1.73
  1 13   19.5000000  203.7500000   35.00    1.35  -63.25    1.24   -0.54    1.61
  1 14   19.5625000  203.7500000   34.95    1.31  -63.06    1.20   -0.68    1.55
  1 15   19.6250000  203.7500000   34.96    1.31  -63.05    1.20   -0.70    1.54
  1 16   19.6875000  203.7500000   34.98    1.30  -63.04    1.20   -0.73    1.54
  1 17   19.7500000  203.7500000   35.08    1.35  -62.58    1.24   -1.07    1.58
  1 18   19.8125000  203.7500000   35.07    1.35  -62.58    1.24   -1.06    1.59
  1 19   19.8750000  203.7500000   34.92    1.43  -62.41    1.32   -1.13    1.71
  1 20   19.9375000  203.7500000   34.84    1.36  -62.33    1.25   -1.02    1.64
  1 21   20.0000000  203.7500000   34.82    1.32  -62.37    1.21   -1.33    1.57
  1 22   20.0625000  203.7500000   34.81    1.32  -62.36    1.21   -1.35    1.57
  1 23   20.1250000  203.7500000   34.80    1.32  -62.37    1.21   -1.36    1.58
  1 24   20.1875000  203.7500000   34.66    1.46  -62.32    1.37   -1.57    1.82
  1 25   20.2500000  203.7500000   34.66    1.46  -62.32    1.37   -1.57    1.82
  1 26   20.3125000  203.7500000   34.63    1.46  -62.04    1.37   -1.08    1.82
  1 27   20.3750000  203.7500000   34.63    1.47  -62.04    1.37   -1.06    1.83
  1 28   20.4375000  203.7500000   34.63    1.47  -62.03    1.37   -1.02    1.83
  1 29   20.5000000  203.7500000   34.62    1.63  -61.96    1.52   -1.14    1.91
  2  1   18.7500000  203.8125000   34.69    2.20  -62.61    2.20    0.00    2.20
  2  2   18.8125000  203.8125000   34.69    2.20  -62.61    2.20    0.00    2.20
  2  3   18.8750000  203.8125000   34.69    2.20  -62.61    2.20    0.00    2.20
  2  4   18.9375000  203.8125000   34.69    2.20  -62.61    2.20    0.00    2.20
  2  5   19.0000000  203.8125000   34.69    2.20  -62.61    2.20    0.00    2.20
  2  6   19.0625000  203.8125000   34.70    1.63  -64.44    1.54    0.61    2.11
  2  7   19.1250000  203.8125000   34.79    1.43  -61.39    1.32   -1.47    1.75
  2  8   19.1875000  203.8125000   34.79    1.43  -61.40    1.32   -1.46    1.74
  2  9   19.2500000  203.8125000   34.79    1.43  -61.41    1.32   -1.44    1.74
  2 10   19.3125000  203.8125000   34.86    1.35  -61.76    1.24   -1.30    1.61
  2 11   19.3750000  203.8125000   34.88    1.35  -61.78    1.24   -1.26    1.61
  2 12   19.4375000  203.8125000   34.97    1.35  -63.26    1.24   -0.51    1.60
  2 13   19.5000000  203.8125000   34.93    1.31  -63.07    1.20   -0.65    1.55
  2 14   19.5625000  203.8125000   34.95    1.30  -63.05    1.20   -0.68    1.53
  2 15   19.6250000  203.8125000   34.96    1.28  -62.95    1.17   -0.81    1.49
  2 16   19.6875000  203.8125000   34.98    1.28  -62.94    1.17   -0.84    1.48
  2 17   19.7500000  203.8125000   34.98    1.27  -62.93    1.17   -0.86    1.47
  2 18   19.8125000  203.8125000   35.05    1.31  -62.56    1.20   -1.14    1.52
  2 19   19.8750000  203.8125000   34.94    1.28  -62.48    1.18   -1.08    1.51
  2 20   19.9375000  203.8125000   34.92    1.27  -62.50    1.16   -1.29    1.49
  2 21   20.0000000  203.8125000   34.85    1.29  -62.41    1.18   -1.37    1.52
  2 22   20.0625000  203.8125000   34.80    1.32  -62.37    1.21   -1.35    1.56
  2 23   20.1250000  203.8125000   34.79    1.32  -62.37    1.21   -1.37    1.57
  2 24   20.1875000  203.8125000   34.73    1.36  -62.36    1.26   -1.45    1.64
  2 25   20.2500000  203.8125000   34.66    1.46  -62.32    1.37   -1.57    1.80
  2 26   20.3125000  203.8125000   34.63    1.46  -62.05    1.37   -1.10    1.81
  2 27   20.3750000  203.8125000   34.63    1.46  -62.04    1.37   -1.09    1.81
  2 28   20.4375000  203.8125000   34.63    1.46  -62.03    1.37   -1.05    1.82
  2 29   20.5000000  203.8125000   34.62    1.47  -62.02    1.37   -1.01    1.83
  3  1   18.7500000  203.8750000   34.69    2.20  -62.61    2.20    0.00    2.20
  3  2   18.8125000  203.8750000   34.69    2.20  -62.61    2.20    0.00    2.20
  3  3   18.8750000  203.8750000   34.69    2.20  -62.61    2.20    0.00    2.20
  3  4   18.9375000  203.8750000   34.69    2.20  -62.61    2.20    0.00    2.20
  3  5   19.0000000  203.8750000   34.88    1.67  -58.32    1.53   -3.02    2.00
  3  6   19.0625000  203.8750000   34.78    1.43  -61.38    1.32   -1.50    1.75
  3  7   19.1250000  203.8750000   35.04    1.37  -61.10    1.25   -3.28    1.66
  3  8   19.1875000  203.8750000   34.04    1.33  -60.46    1.22   -3.87    1.61
  3  9   19.2500000  203.8750000   34.06    1.33  -60.50    1.22   -3.81    1.61
  3 10   19.3125000  203.8750000   34.49    1.27  -62.96    1.16   -1.95    1.50
  3 11   19.3750000  203.8750000   34.59    1.25  -62.93    1.15   -1.79    1.47
  3 12   19.4375000  203.8750000   34.67    1.25  -62.95    1.15   -1.71    1.47
  3 13   19.5000000  203.8750000   34.50    1.25  -62.97    1.14   -1.26    1.46
  3 14   19.5625000  203.8750000   34.79    1.25  -63.05    1.15   -1.43    1.45
  3 15   19.6250000  203.8750000   35.42    1.26  -63.84    1.16   -0.65    1.44
  3 16   19.6875000  203.8750000   35.36    1.25  -63.66    1.15   -0.73    1.38
  3 17   19.7500000  203.8750000   35.00    1.26  -62.86    1.15   -0.89    1.39
  3 18   19.8125000  203.8750000   34.94    1.25  -62.78    1.16   -0.87    1.43
  3 19   19.8750000  203.8750000   34.94    1.26  -62.48    1.16   -1.26    1.46
  3 20   19.9375000  203.8750000   34.91    1.27  -62.49    1.16   -1.28    1.48
  3 21   20.0000000  203.8750000   34.88    1.27  -62.49    1.16   -1.31    1.49
  3 22   20.0625000  203.8750000   34.82    1.29  -62.40    1.18   -1.39    1.52
  3 23   20.1250000  203.8750000   34.77    1.31  -62.36    1.21   -1.37    1.55
  3 24   20.1875000  203.8750000   34.72    1.35  -62.36    1.26   -1.46    1.62
  3 25   20.2500000  203.8750000   34.72    1.36  -62.36    1.26   -1.47    1.62
  3 26   20.3125000  203.8750000   34.64    1.46  -62.05    1.36   -1.14    1.78
  3 27   20.3750000  203.8750000   34.63    1.46  -62.05    1.37   -1.12    1.80
  3 28   20.4375000  203.8750000   34.63    1.46  -62.04    1.37   -1.08    1.81
  3 29   20.5000000  203.8750000   34.63    1.46  -62.03    1.37   -1.04    1.82
  4  1   18.7500000  203.9375000   34.69    2.20  -62.61    2.20    0.00    2.20
  4  2   18.8125000  203.9375000   34.69    2.20  -62.61    2.20    0.00    2.20
  4  3   18.8750000  203.9375000   34.69    2.20  -62.61    2.20    0.00    2.20
  4  4   18.9375000  203.9375000   34.88    1.67  -58.32    1.53   -3.02    2.00
  4  5   19.0000000  203.9375000   34.77    1.43  -61.37    1.32   -1.52    1.75
  4  6   19.0625000  203.9375000   34.01    1.33  -60.42    1.22   -3.96    1.62
  4  7   19.1250000  203.9375000   34.12    1.31  -60.82    1.19   -4.34    1.59
  4  8   19.1875000  203.9375000   33.30    1.29  -61.72    1.18   -3.35    1.56
  4  9   19.2500000  203.9375000   34.93    1.26  -63.59    1.16   -1.74    1.51
  4 10   19.3125000  203.9375000   34.90    1.24  -63.33    1.14   -1.57    1.46
  4 11   19.3750000  203.9375000   34.65    1.23  -62.92    1.13   -1.12    1.44
  4 12   19.4375000  203.9375000   34.86    1.22  -63.56    1.12   -0.48    1.42
  4 13   19.5000000  203.9375000   35.26    1.22  -63.92    1.12   -0.67    1.42
  4 14   19.5625000  203.9375000   35.41    1.22  -63.56    1.12   -0.56    1.41
  4 15   19.6250000  203.9375000   35.09    1.22  -63.67    1.13   -0.74    1.39
  4 16   19.6875000  203.9375000   35.52    1.20  -63.45    1.09   -0.78    1.25
  4 17   19.7500000  203.9375000   35.43    1.19  -63.26    1.06   -0.85    1.20
  4 18   19.8125000  203.9375000   34.96    1.24  -62.75    1.15   -0.91    1.38
  4 19   19.8750000  203.9375000   34.93    1.25  -62.48    1.16   -1.25    1.43
  4 20   19.9375000  203.9375000   34.89    1.26  -62.48    1.16   -1.28    1.45
  4 21   20.0000000  203.9375000   34.87    1.26  -62.48    1.16   -1.31    1.47
  4 22   20.0625000  203.9375000   34.84    1.26  -62.47    1.16   -1.34    1.48
  4 23   20.1250000  203.9375000   34.66    1.45  -62.31    1.36   -1.56    1.75
  4 24   20.1875000  203.9375000   34.66    1.44  -62.31    1.36   -1.57    1.73
  4 25   20.2500000  203.9375000   34.66    1.44  -62.31    1.36   -1.57    1.72
  4 26   20.3125000  203.9375000   34.66    1.44  -62.32    1.36   -1.59    1.74
  4 27   20.3750000  203.9375000   34.64    1.45  -62.06    1.36   -1.15    1.77
  4 28   20.4375000  203.9375000   34.63    1.46  -62.05    1.36   -1.11    1.79
  4 29   20.5000000  203.9375000   34.63    1.46  -62.04    1.37   -1.07    1.81
  5  1   18.7500000  204.0000000   34.69    2.20  -62.61    2.20    0.00    2.20
  5  2   18.8125000  204.0000000   34.69    2.20  -62.61    2.20    0.00    2.20
  5  3   18.8750000  204.0000000   34.69    2.20  -62.61    2.20    0.00    2.20
  5  4   18.9375000  204.0000000   34.88    1.67  -58.32    1.53   -3.02    1.99
  5  5   19.0000000  204.0000000   33.99    1.33  -60.41    1.22   -4.00    1.62
  5  6   19.0625000  204.0000000   34.10    1.31  -60.79    1.19   -4.40    1.59
  5  7   19.1250000  204.0000000   33.30    1.29  -61.67    1.18   -3.44    1.55
  5  8   19.1875000  204.0000000   33.32    1.25  -61.90    1.14   -0.87    1.49
  5  9   19.2500000  204.0000000   33.64    1.24  -61.91    1.13    0.34    1.47
  5 10   19.3125000  204.0000000   34.22    1.22  -61.56    1.12    0.05    1.42
  5 11   19.3750000  204.0000000   34.31    1.21  -61.90    1.11   -0.33    1.39
  5 12   19.4375000  204.0000000   34.54    1.20  -61.70    1.10   -0.48    1.37
  5 13   19.5000000  204.0000000   34.68    1.21  -62.22    1.10   -0.47    1.38
  5 14   19.5625000  204.0000000   35.02    1.33  -63.25    1.24   -0.52    1.51
  5 15   19.6250000  204.0000000   35.10    1.32  -63.17    1.23   -0.62    1.48
  5 16   19.6875000  204.0000000   35.11    1.30  -62.55    1.20   -1.05    1.39
  5 17   19.7500000  204.0000000   35.04    1.29  -62.53    1.19   -1.07    1.35
  5 18   19.8125000  204.0000000   34.98    1.30  -62.49    1.20   -1.08    1.39
  5 19   19.8750000  204.0000000   34.91    1.24  -62.45    1.14   -1.25    1.36
  5 20   19.9375000  204.0000000   34.88    1.25  -62.46    1.16   -1.29    1.42
  5 21   20.0000000  204.0000000   34.85    1.26  -62.46    1.16   -1.32    1.46
  5 22   20.0625000  204.0000000   34.74    1.34  -62.34    1.26   -1.42    1.57
  5 23   20.1250000  204.0000000   34.65    1.43  -62.29    1.35   -1.55    1.70
  5 24   20.1875000  204.0000000   34.66    1.41  -62.28    1.34   -1.55    1.63
  5 25   20.2500000  204.0000000   34.66    1.41  -62.30    1.34   -1.58    1.62
  5 26   20.3125000  204.0000000   34.66    1.43  -62.33    1.35   -1.59    1.67
  5 27   20.3750000  204.0000000   34.66    1.44  -62.33    1.36   -1.59    1.73
  5 28   20.4375000  204.0000000   34.64    1.45  -62.06    1.36   -1.14    1.78
  5 29   20.5000000  204.0000000   34.63    1.46  -62.05    1.37   -1.10    1.80
  6  1   18.7500000  204.0625000   34.69    2.20  -62.61    2.20    0.00    2.20
  6  2   18.8125000  204.0625000   34.69    2.20  -62.61    2.20    0.00    2.20
  6  3   18.8750000  204.0625000   34.88    1.67  -58.32    1.53   -3.02    2.00
  6  4   18.9375000  204.0625000   35.20    1.47  -58.88    1.34   -5.09    1.79
  6  5   19.0000000  204.0625000   34.08    1.31  -60.78    1.19   -4.46    1.59
  6  6   19.0625000  204.0625000   32.00    1.27  -60.47    1.16   -2.36    1.54
  6  7   19.1250000  204.0625000   33.19    1.25  -61.81    1.14   -0.99    1.49
  6  8   19.1875000  204.0625000   33.37    1.23  -61.04    1.13    0.01    1.46
  6  9   19.2500000  204.0625000   33.71    1.22  -60.19    1.12   -0.82    1.42
  6 10   19.3125000  204.0625000   33.71    1.33  -60.84    1.24   -2.84    1.52
  6 11   19.3750000  204.0625000   33.95    1.29  -61.75    1.20   -2.42    1.42
  6 12   19.4375000  204.0625000   34.69    1.16  -63.01    1.05   -0.51    1.24
  6 13   19.5000000  204.0625000   35.85    1.32  -65.18    1.23    0.06    1.46
  6 14   19.5625000  204.0625000   35.05    1.32  -63.26    1.23   -0.50    1.49
  6 15   19.6250000  204.0625000   35.18    1.32  -63.21    1.23   -0.61    1.47
  6 16   19.6875000  204.0625000   35.20    1.28  -62.62    1.18   -1.11    1.40
  6 17   19.7500000  204.0625000   35.11    1.27  -62.56    1.18   -1.13    1.37
  6 18   19.8125000  204.0625000   34.97    1.24  -62.47    1.13   -1.16    1.27
  6 19   19.8750000  204.0625000   34.89    1.23  -62.42    1.09   -1.22    1.22
  6 20   19.9375000  204.0625000   34.88    1.24  -62.44    1.15   -1.29    1.39
  6 21   20.0000000  204.0625000   34.85    1.26  -62.45    1.16   -1.32    1.44
  6 22   20.0625000  204.0625000   34.73    1.34  -62.34    1.25   -1.42    1.55
  6 23   20.1250000  204.0625000   34.65    1.40  -62.26    1.33   -1.52    1.62
  6 24   20.1875000  204.0625000   34.65    1.34  -62.22    1.24   -1.50    1.45
  6 25   20.2500000  204.0625000   34.66    1.34  -62.29    1.25   -1.60    1.39
  6 26   20.3125000  204.0625000   34.67    1.40  -62.35    1.33   -1.62    1.57
  6 27   20.3750000  204.0625000   34.66    1.43  -62.35    1.36   -1.61    1.69
  6 28   20.4375000  204.0625000   34.64    1.45  -62.07    1.36   -1.17    1.76
  6 29   20.5000000  204.0625000   34.63    1.46  -62.05    1.37   -1.12    1.80
  7  1   18.7500000  204.1250000   34.69    2.20  -62.61    2.20    0.00    2.20
  7  2   18.8125000  204.1250000   34.69    2.20  -62.61    2.20    0.00    2.20
  7  3   18.8750000  204.1250000   35.20    1.47  -58.88    1.34   -5.10    1.79
  7  4   18.9375000  204.1250000   33.47    1.35  -59.24    1.23   -5.95    1.65
  7  5   19.0000000  204.1250000   31.79    1.28  -60.46    1.16   -2.37    1.54
  7  6   19.0625000  204.1250000   32.26    1.26  -60.90    1.15   -0.90    1.51
  7  7   19.1250000  204.1250000   32.81    1.24  -60.71    1.13    0.28    1.47
  7  8   19.1875000  204.1250000   33.45    1.22  -58.96    1.12   -1.29    1.43
  7  9   19.2500000  204.1250000   34.08    1.30  -60.32    1.21   -3.82    1.48
  7 10   19.3125000  204.1250000   33.26    1.27  -61.53    1.18   -2.81    1.43
  7 11   19.3750000  204.1250000   34.12    1.23  -63.19    1.14   -1.88    1.33
  7 12   19.4375000  204.1250000   34.68    1.21  -64.07    1.10   -0.18    1.27
  7 13   19.5000000  204.1250000   34.99    1.24  -64.36    1.16   -0.85    1.38
  7 14   19.5625000  204.1250000   36.82    1.29  -65.47    1.21   -0.12    1.43
  7 15   19.6250000  204.1250000   35.89    1.25  -64.08    1.16   -0.56    1.35
  7 16   19.6875000  204.1250000   35.33    1.26  -62.71    1.16   -1.09    1.32
  7 17   19.7500000  204.1250000   35.19    1.26  -62.61    1.17   -1.14    1.35
  7 18   19.8125000  204.1250000   35.04    1.25  -62.51    1.16   -1.18    1.32
  7 19   19.8750000  204.1250000   34.98    1.29  -62.53    1.18   -1.21    1.36
  7 20   19.9375000  204.1250000   34.93    1.23  -62.56    1.14   -1.33    1.38
  7 21   20.0000000  204.1250000   34.82    1.34  -62.39    1.25   -1.18    1.56
  7 22   20.0625000  204.1250000   34.73    1.34  -62.34    1.25   -1.42    1.55
  7 23   20.1250000  204.1250000   34.65    1.39  -62.26    1.32   -1.52    1.60
  7 24   20.1875000  204.1250000   34.65    1.25  -62.21    1.11   -1.47    1.30
  7 25   20.2500000  204.1250000   34.68    1.13  -62.60    0.90   -1.74    0.89
  7 26   20.3125000  204.1250000   34.67    1.38  -62.41    1.31   -1.64    1.51
  7 27   20.3750000  204.1250000   34.67    1.43  -62.36    1.35   -1.61    1.68
  7 28   20.4375000  204.1250000   34.64    1.45  -62.08    1.36   -1.19    1.76
  7 29   20.5000000  204.1250000   34.64    1.46  -62.06    1.37   -1.14    1.80
  8  1   18.7500000  204.1875000   34.69    2.20  -62.61    2.20   -0.00    2.20
  8  2   18.8125000  204.1875000   34.69    2.20  -62.61    2.20   -0.00    2.20
  8  3   18.8750000  204.1875000   35.20    1.47  -58.88    1.34   -5.10    1.79
  8  4   18.9375000  204.1875000   31.14    1.32  -57.94    1.20   -3.75    1.61
  8  5   19.0000000  204.1875000   31.01    1.27  -59.90    1.16   -1.67    1.53
  8  6   19.0625000  204.1875000   31.15    1.25  -59.65    1.14    0.81    1.49
  8  7   19.1250000  204.1875000   33.23    1.22  -58.68    1.12   -0.77    1.44
  8  8   19.1875000  204.1875000   33.91    1.31  -59.08    1.21   -5.55    1.50
  8  9   19.2500000  204.1875000   33.70    1.24  -60.68    1.15   -3.61    1.35
  8 10   19.3125000  204.1875000   33.73    1.21  -61.53    1.13   -2.26    1.32
  8 11   19.3750000  204.1875000   33.55    1.21  -63.28    1.13   -1.10    1.33
  8 12   19.4375000  204.1875000   34.85    1.21  -64.41    1.12   -0.35    1.33
  8 13   19.5000000  204.1875000   35.78    1.22  -66.06    1.14    0.69    1.35
  8 14   19.5625000  204.1875000   36.48    1.23  -65.71    1.15    0.37    1.36
  8 15   19.6250000  204.1875000   36.74    1.24  -64.64    1.14   -0.47    1.30
  8 16   19.6875000  204.1875000   36.09    1.13  -63.40    0.92   -0.84    0.98
  8 17   19.7500000  204.1875000   35.25    1.29  -62.68    1.19   -1.17    1.34
  8 18   19.8125000  204.1875000   35.09    1.28  -62.57    1.17   -1.23    1.33
  8 19   19.8750000  204.1875000   35.04    1.30  -62.55    1.21   -1.24    1.41
  8 20   19.9375000  204.1875000   35.38    1.23  -63.42    1.13   -1.23    1.38
  8 21   20.0000000  204.1875000   34.84    1.34  -62.39    1.25   -1.18    1.57
  8 22   20.0625000  204.1875000   34.66    1.44  -62.31    1.36   -1.55    1.74
  8 23   20.1250000  204.1875000   34.66    1.42  -62.30    1.34   -1.55    1.66
  8 24   20.1875000  204.1875000   34.66    1.38  -62.31    1.31   -1.57    1.54
  8 25   20.2500000  204.1875000   34.67    1.38  -62.39    1.30   -1.62    1.49
  8 26   20.3125000  204.1875000   34.67    1.41  -62.39    1.34   -1.62    1.60
  8 27   20.3750000  204.1875000   34.67    1.44  -62.36    1.36   -1.61    1.71
  8 28   20.4375000  204.1875000   34.66    1.45  -62.34    1.36   -1.59    1.77
  8 29   20.5000000  204.1875000   34.66    1.46  -62.33    1.37   -1.59    1.80
  9  1   18.7500000  204.2500000   34.69    2.20  -62.61    2.20   -0.00    2.20
  9  2   18.8125000  204.2500000   34.88    1.67  -58.32    1.53   -3.02    2.00
  9  3   18.8750000  204.2500000   35.20    1.47  -58.88    1.34   -5.12    1.79
  9  4   18.9375000  204.2500000   31.09    1.32  -57.94    1.20   -3.74    1.60
  9  5   19.0000000  204.2500000   30.89    1.27  -59.88    1.16   -1.69    1.52
  9  6   19.0625000  204.2500000   28.74    1.22  -57.68    1.12    0.22    1.45
  9  7   19.1250000  204.2500000   30.03    1.21  -57.95    1.11   -1.12    1.41
  9  8   19.1875000  204.2500000   32.76    1.27  -58.18    1.17   -4.00    1.40
  9  9   19.2500000  204.2500000   33.94    1.12  -58.86    0.93   -2.89    1.02
  9 10   19.3125000  204.2500000   33.09    1.17  -60.18    1.07   -2.86    1.18
  9 11   19.3750000  204.2500000   32.35    1.17  -61.03    1.07   -1.90    1.21
  9 12   19.4375000  204.2500000   34.06    1.18  -63.25    1.10   -0.20    1.26
  9 13   19.5000000  204.2500000   36.54    1.18  -65.24    1.09    0.13    1.23
  9 14   19.5625000  204.2500000   36.82    1.20  -64.81    1.12    0.58    1.30
  9 15   19.6250000  204.2500000   37.15    1.23  -65.27    1.14   -0.04    1.33
  9 16   19.6875000  204.2500000   36.40    1.25  -64.09    1.16   -1.09    1.32
  9 17   19.7500000  204.2500000   35.24    1.29  -62.65    1.19   -1.20    1.37
  9 18   19.8125000  204.2500000   35.07    1.14  -62.54    0.91   -1.30    1.06
  9 19   19.8750000  204.2500000   35.06    1.30  -62.56    1.19   -1.25    1.41
  9 20   19.9375000  204.2500000   35.10    1.22  -63.22    1.12   -1.44    1.38
  9 21   20.0000000  204.2500000   34.94    1.25  -62.58    1.15   -1.39    1.44
  9 22   20.0625000  204.2500000   34.66    1.45  -62.31    1.36   -1.56    1.76
  9 23   20.1250000  204.2500000   34.66    1.44  -62.31    1.36   -1.57    1.72
  9 24   20.1875000  204.2500000   34.66    1.43  -62.33    1.35   -1.57    1.68
  9 25   20.2500000  204.2500000   34.66    1.43  -62.35    1.35   -1.59    1.67
  9 26   20.3125000  204.2500000   34.66    1.44  -62.35    1.36   -1.60    1.70
  9 27   20.3750000  204.2500000   34.66    1.45  -62.34    1.36   -1.59    1.75
  9 28   20.4375000  204.2500000   34.66    1.46  -62.34    1.36   -1.59    1.78
  9 29   20.5000000  204.2500000   34.66    1.46  -62.33    1.37   -1.59    1.81
 10  1   18.7500000  204.3125000   34.69    2.20  -62.61    2.20    0.00    2.20
 10  2   18.8125000  204.3125000   34.69    2.20  -62.61    2.20    0.00    2.20
 10  3   18.8750000  204.3125000   34.64    1.39  -59.80    1.27   -5.78    1.70
 10  4   18.9375000  204.3125000   31.00    1.32  -57.94    1.20   -3.72    1.60
 10  5   19.0000000  204.3125000   24.85    1.25  -55.28    1.14    0.35    1.49
 10  6   19.0625000  204.3125000   27.10    1.22  -57.11    1.11    0.37    1.44
 10  7   19.1250000  204.3125000   27.92    1.21  -57.32    1.10   -1.32    1.40
 10  8   19.1875000  204.3125000   31.37    1.24  -58.71    1.15   -2.99    1.39
 10  9   19.2500000  204.3125000   32.84    1.17  -59.20    1.06   -3.04    1.17
 10 10   19.3125000  204.3125000   32.72    1.13  -59.63    1.00   -4.46    1.05
 10 11   19.3750000  204.3125000   29.59    1.13  -61.15    1.01   -1.89    1.06
 10 12   19.4375000  204.3125000   32.77    1.14  -65.87    1.04    1.73    1.12
 10 13   19.5000000  204.3125000   38.19    1.11  -68.38    0.98    1.38    0.99
 10 14   19.5625000  204.3125000   37.91    1.18  -65.36    1.08    0.24    1.20
 10 15   19.6250000  204.3125000   36.61    1.21  -64.18    1.12    0.43    1.33
 10 16   19.6875000  204.3125000   36.36    1.24  -64.50    1.15   -0.82    1.37
 10 17   19.7500000  204.3125000   36.40    1.29  -63.74    1.19   -1.10    1.40
 10 18   19.8125000  204.3125000   35.31    1.19  -62.57    1.09   -0.85    1.32
 10 19   19.8750000  204.3125000   35.50    1.20  -63.44    1.10   -0.71    1.35
 10 20   19.9375000  204.3125000   35.18    1.22  -63.34    1.12   -1.48    1.40
 10 21   20.0000000  204.3125000   34.97    1.25  -62.59    1.15   -1.40    1.45
 10 22   20.0625000  204.3125000   34.95    1.26  -62.63    1.16   -1.43    1.47
 10 23   20.1250000  204.3125000   34.66    1.45  -62.32    1.36   -1.57    1.77
 10 24   20.1875000  204.3125000   34.66    1.45  -62.33    1.36   -1.57    1.75
 10 25   20.2500000  204.3125000   34.66    1.45  -62.33    1.36   -1.59    1.74
 10 26   20.3125000  204.3125000   34.66    1.45  -62.34    1.36   -1.59    1.76
 10 27   20.3750000  204.3125000   34.66    1.46  -62.33    1.36   -1.59    1.78
 10 28   20.4375000  204.3125000   34.66    1.46  -62.33    1.37   -1.59    1.80
 10 29   20.5000000  204.3125000   34.66    1.46  -62.33    1.37   -1.59    1.82
 11  1   18.7500000  204.3750000   34.69    2.20  -62.61    2.20    0.00    2.20
 11  2   18.8125000  204.3750000   34.69    2.20  -62.61    2.20    0.00    2.20
 11  3   18.8750000  204.3750000   31.47    1.35  -58.17    1.22   -3.23    1.64
 11  4   18.9375000  204.3750000   22.82    1.28  -56.26    1.16   -0.91    1.53
 11  5   19.0000000  204.3750000   22.81    1.24  -54.58    1.13    0.97    1.48
 11  6   19.0625000  204.3750000   22.57    1.21  -55.44    1.11    1.28    1.43
 11  7   19.1250000  204.3750000   31.70    1.32  -58.23    1.22   -3.37    1.53
 11  8   19.1875000  204.3750000   30.23    1.25  -58.58    1.16   -2.63    1.41
 11  9   19.2500000  204.3750000   30.90    1.19  -57.30    1.10   -2.08    1.26
 11 10   19.3125000  204.3750000   31.04    1.08  -59.98    0.90   -3.56    0.93
 11 11   19.3750000  204.3750000   25.92    1.13  -59.30    1.02    2.02    1.08
 11 12   19.4375000  204.3750000   30.81    1.08  -66.46    0.96    7.97    1.00
 11 13   19.5000000  204.3750000   37.67    1.12  -67.04    1.01    4.04    1.06
 11 14   19.5625000  204.3750000   37.45    1.14  -64.63    1.03   -0.28    1.10
 11 15   19.6250000  204.3750000   36.22    1.20  -63.45    1.12   -0.15    1.32
 11 16   19.6875000  204.3750000   36.04    1.22  -64.26    1.13   -1.15    1.36
 11 17   19.7500000  204.3750000   35.25    1.25  -63.30    1.16   -1.53    1.40
 11 18   19.8125000  204.3750000   35.24    1.20  -62.28    1.10   -0.85    1.36
 11 19   19.8750000  204.3750000   35.42    1.20  -62.43    1.11   -0.66    1.38
 11 20   19.9375000  204.3750000   35.24    1.22  -63.47    1.12   -1.52    1.41
 11 21   20.0000000  204.3750000   35.01    1.26  -62.65    1.16   -1.41    1.47
 11 22   20.0625000  204.3750000   34.98    1.27  -62.64    1.16   -1.42    1.48
 11 23   20.1250000  204.3750000   34.92    1.29  -62.60    1.18   -1.51    1.51
 11 24   20.1875000  204.3750000   34.90    1.29  -62.60    1.18   -1.52    1.51
 11 25   20.2500000  204.3750000   34.80    1.36  -62.41    1.26   -1.58    1.63
 11 26   20.3125000  204.3750000   34.66    1.46  -62.33    1.36   -1.59    1.79
 11 27   20.3750000  204.3750000   34.66    1.46  -62.33    1.37   -1.59    1.80
 11 28   20.4375000  204.3750000   34.66    1.46  -62.33    1.37   -1.59    1.81
 11 29   20.5000000  204.3750000   34.66    1.47  -62.33    1.37   -1.59    1.82
 12  1   18.7500000  204.4375000   34.69    2.20  -62.61    2.20    0.00    2.20
 12  2   18.8125000  204.4375000   34.69    2.20  -62.61    2.20    0.00    2.20
 12  3   18.8750000  204.4375000   23.09    1.31  -56.64    1.19   -1.26    1.57
 12  4   18.9375000  204.4375000   21.40    1.25  -54.06    1.14   -0.32    1.50
 12  5   19.0000000  204.4375000   16.55    1.23  -51.66    1.12    1.80    1.46
 12  6   19.0625000  204.4375000   19.55    1.21  -53.05    1.11    3.22    1.43
 12  7   19.1250000  204.4375000   31.13    1.32  -58.14    1.22   -3.18    1.55
 12  8   19.1875000  204.4375000   28.99    1.25  -54.99    1.15   -1.95    1.42
 12  9   19.2500000  204.4375000   28.54    1.20  -55.86    1.11   -0.48    1.31
 12 10   19.3125000  204.4375000   25.41    1.08  -55.36    0.87    0.99    0.93
 12 11   19.3750000  204.4375000   22.07    1.13  -51.95    1.01    4.62    1.05
 12 12   19.4375000  204.4375000   21.73    1.08  -44.51    0.97   11.59    0.96
 12 13   19.5000000  204.4375000   33.69    1.11  -57.30    1.01    4.22    1.04
 12 14   19.5625000  204.4375000   33.97    1.12  -62.22    0.99   -1.45    1.03
 12 15   19.6250000  204.4375000   35.55    1.19  -62.83    1.10   -0.79    1.28
 12 16   19.6875000  204.4375000   36.09    1.23  -62.58    1.15   -0.73    1.38
 12 17   19.7500000  204.4375000   35.34    1.25  -63.44    1.15   -1.74    1.38
 12 18   19.8125000  204.4375000   35.21    1.20  -61.95    1.10   -0.98    1.35
 12 19   19.8750000  204.4375000   35.41    1.21  -62.23    1.11   -0.51    1.38
 12 20   19.9375000  204.4375000   35.26    1.22  -62.96    1.12   -1.61    1.41
 12 21   20.0000000  204.4375000   34.79    1.24  -62.76    1.14   -1.62    1.44
 12 22   20.0625000  204.4375000   34.96    1.29  -62.60    1.18   -1.49    1.51
 12 23   20.1250000  204.4375000   34.93    1.29  -62.60    1.18   -1.51    1.51
 12 24   20.1875000  204.4375000   34.94    1.32  -62.64    1.21   -1.56    1.55
 12 25   20.2500000  204.4375000   34.66    1.46  -62.33    1.37   -1.58    1.81
 12 26   20.3125000  204.4375000   34.66    1.46  -62.33    1.37   -1.59    1.81
 12 27   20.3750000  204.4375000   34.66    1.46  -62.33    1.37   -1.59    1.82
 12 28   20.4375000  204.4375000   34.66    1.47  -62.33    1.37   -1.59    1.83
 12 29   20.5000000  204.4375000   34.66    1.47  -62.32    1.37   -1.59    1.83
 13  1   18.7500000  204.5000000   34.69    2.20  -62.61    2.20    0.00    2.20
 13  2   18.8125000  204.5000000   34.69    2.20  -62.61    2.20    0.00    2.20
 13  3   18.8750000  204.5000000   20.58    1.37  -55.72    1.24   -0.16    1.62
 13  4   18.9375000  204.5000000   15.99    1.25  -52.52    1.14    1.76    1.50
 13  5   19.0000000  204.5000000   13.45    1.22  -49.33    1.11    3.16    1.45
 13  6   19.0625000  204.5000000   18.38    1.21  -52.49    1.10    3.33    1.42
 13  7   19.1250000  204.5000000   19.75    1.20  -54.39    1.09    1.89    1.40
 13  8   19.1875000  204.5000000   20.54    1.24  -53.27    1.14    0.62    1.41
 13  9   19.2500000  204.5000000   21.43    1.20  -53.68    1.12    1.50    1.34
 13 10   19.3125000  204.5000000   22.12    1.17  -52.26    1.08    1.26    1.23
 13 11   19.3750000  204.5000000   24.04    1.12  -48.87    1.01    2.54    1.05
 13 12   19.4375000  204.5000000   27.38    1.12  -45.02    1.03    3.48    1.04
 13 13   19.5000000  204.5000000   33.97    1.11  -55.99    0.98    0.88    1.01
 13 14   19.5625000  204.5000000   33.87    1.04  -62.26    0.82   -1.59    0.86
 13 15   19.6250000  204.5000000   35.10    1.18  -62.55    1.10   -1.02    1.25
 13 16   19.6875000  204.5000000   35.97    1.22  -63.66    1.13   -1.56    1.35
 13 17   19.7500000  204.5000000   34.71    1.26  -63.02    1.17   -2.02    1.34
 13 18   19.8125000  204.5000000   36.62    1.18  -62.87    1.07   -0.89    1.23
 13 19   19.8750000  204.5000000   35.50    1.20  -62.46    1.10   -0.74    1.35
 13 20   19.9375000  204.5000000   35.30    1.23  -63.01    1.13   -1.55    1.42
 13 21   20.0000000  204.5000000   34.79    1.24  -62.78    1.14   -1.62    1.44
 13 22   20.0625000  204.5000000   35.00    1.32  -62.64    1.21   -1.54    1.55
 13 23   20.1250000  204.5000000   34.97    1.32  -62.64    1.21   -1.55    1.56
 13 24   20.1875000  204.5000000   34.96    1.32  -62.64    1.21   -1.56    1.56
 13 25   20.2500000  204.5000000   34.93    1.37  -62.68    1.26   -1.57    1.63
 13 26   20.3125000  204.5000000   34.66    1.47  -62.32    1.37   -1.58    1.83
 13 27   20.3750000  204.5000000   34.66    1.47  -62.32    1.37   -1.59    1.83
 13 28   20.4375000  204.5000000   34.66    1.47  -62.32    1.37   -1.59    1.83
 13 29   20.5000000  204.5000000   34.67    1.63  -62.39    1.52   -1.80    1.91
 14  1   18.7500000  204.5625000   34.69    2.20  -62.61    2.20    0.00    2.20
 14  2   18.8125000  204.5625000    6.73    1.67  -53.32    1.53    4.40    2.02
 14  3   18.8750000  204.5625000   -0.47    1.36  -49.22    1.25    7.68    1.70
 14  4   18.9375000  204.5625000   11.89    1.24  -50.02    1.13    2.71    1.49
 14  5   19.0000000  204.5625000   13.69    1.22  -48.46    1.11    4.71    1.45
 14  6   19.0625000  204.5625000   16.67    1.20  -52.90    1.10    3.37    1.42
 14  7   19.1250000  204.5625000   17.90    1.40  -54.69    1.30    4.73    1.70
 14  8   19.1875000  204.5625000   11.61    1.25  -48.92    1.16    3.47    1.42
 14  9   19.2500000  204.5625000   15.79    1.20  -49.27    1.11    3.91    1.33
 14 10   19.3125000  204.5625000   19.52    1.18  -50.57    1.09    2.67    1.26
 14 11   19.3750000  204.5625000   24.09    1.12  -49.13    0.99    0.87    1.06
 14 12   19.4375000  204.5625000   29.83    0.94  -51.91    0.69   -0.33    0.78
 14 13   19.5000000  204.5625000   34.77    1.14  -58.13    1.04   -0.71    1.11
 14 14   19.5625000  204.5625000   36.85    1.12  -62.74    0.99   -1.04    1.05
 14 15   19.6250000  204.5625000   35.76    1.18  -62.18    1.08   -1.57    1.22
 14 16   19.6875000  204.5625000   35.25    1.23  -62.71    1.15   -2.13    1.35
 14 17   19.7500000  204.5625000   34.68    1.27  -63.19    1.17   -1.85    1.32
 14 18   19.8125000  204.5625000   36.14    1.15  -62.58    1.00   -0.80    1.08
 14 19   19.8750000  204.5625000   35.71    1.21  -62.77    1.11   -1.05    1.34
 14 20   19.9375000  204.5625000   35.86    1.23  -63.12    1.12   -1.82    1.42
 14 21   20.0000000  204.5625000   35.17    1.32  -63.06    1.21   -1.80    1.54
 14 22   20.0625000  204.5625000   35.04    1.36  -62.69    1.25   -1.35    1.61
 14 23   20.1250000  204.5625000   34.98    1.32  -62.64    1.21   -1.55    1.56
 14 24   20.1875000  204.5625000   34.95    1.37  -62.69    1.26   -1.55    1.63
 14 25   20.2500000  204.5625000   34.94    1.37  -62.69    1.26   -1.56    1.63
 14 26   20.3125000  204.5625000   34.66    1.47  -62.32    1.37   -1.57    1.83
 14 27   20.3750000  204.5625000   34.67    1.63  -62.39    1.52   -1.80    1.91
 14 28   20.4375000  204.5625000   34.69    2.20  -62.61    2.20    0.00    2.20
 14 29   20.5000000  204.5625000   34.69    2.20  -62.61    2.20    0.00    2.20
 15  1   18.7500000  204.6250000   34.69    2.20  -62.61    2.20    0.00    2.20
 15  2   18.8125000  204.6250000    6.73    1.67  -53.32    1.53    4.40    2.02
 15  3   18.8750000  204.6250000   -3.04    1.34  -48.17    1.23    8.70    1.67
 15  4   18.9375000  204.6250000    2.77    1.26  -43.64    1.14    7.47    1.51
 15  5   19.0000000  204.6250000   12.74    1.22  -49.31    1.11    4.40    1.45
 15  6   19.0625000  204.6250000   14.49    1.20  -51.76    1.10    3.63    1.42
 15  7   19.1250000  204.6250000   -1.04    1.31  -48.72    1.22    8.22    1.56
 15  8   19.1875000  204.6250000    5.32    1.23  -47.38    1.13    5.61    1.37
 15  9   19.2500000  204.6250000   11.68    1.18  -49.69    1.09    4.93    1.25
 15 10   19.3125000  204.6250000   15.07    1.17  -49.44    1.08    3.62    1.24
 15 11   19.3750000  204.6250000   19.85    1.17  -50.54    1.08    3.19    1.24
 15 12   19.4375000  204.6250000   27.26    1.16  -54.01    1.07    2.01    1.20
 15 13   19.5000000  204.6250000   36.26    1.06  -60.67    0.88   -0.97    0.95
 15 14   19.5625000  204.6250000   36.57    1.18  -59.20    1.09    0.22    1.25
 15 15   19.6250000  204.6250000   35.22    1.21  -60.40    1.13   -1.25    1.32
 15 16   19.6875000  204.6250000   35.54    1.26  -62.70    1.17   -2.04    1.40
 15 17   19.7500000  204.6250000   35.33    1.19  -60.78    1.09   -1.35    1.33
 15 18   19.8125000  204.6250000   36.28    1.20  -61.80    1.10   -0.24    1.33
 15 19   19.8750000  204.6250000   35.90    1.22  -61.37    1.12   -1.24    1.39
 15 20   19.9375000  204.6250000   35.59    1.24  -62.65    1.14   -2.07    1.44
 15 21   20.0000000  204.6250000   35.48    1.28  -63.18    1.18   -1.91    1.49
 15 22   20.0625000  204.6250000   35.20    1.44  -62.91    1.32   -1.52    1.69
 15 23   20.1250000  204.6250000   35.32    1.66  -63.26    1.52   -1.55    1.92
 15 24   20.1875000  204.6250000   35.32    1.67  -63.26    1.52   -1.55    1.93
 15 25   20.2500000  204.6250000   34.69    2.20  -62.61    2.20    0.00    2.20
 15 26   20.3125000  204.6250000   34.69    2.20  -62.61    2.20    0.00    2.20
 15 27   20.3750000  204.6250000   34.69    2.20  -62.61    2.20    0.00    2.20
 15 28   20.4375000  204.6250000   34.69    2.20  -62.61    2.20    0.00    2.20
 15 29   20.5000000  204.6250000   34.69    2.20  -62.61    2.20    0.00    2.20
 16  1   18.7500000  204.6875000   34.69    2.20  -62.61    2.20    0.00    2.20
 16  2   18.8125000  204.6875000    6.73    1.67  -53.32    1.53    4.40    2.02
 16  3   18.8750000  204.6875000   -4.98    1.32  -42.81    1.21    9.65    1.62
 16  4   18.9375000  204.6875000   -6.50    1.28  -39.34    1.15   10.50    1.57
 16  5   19.0000000  204.6875000   10.44    1.23  -49.03    1.12    4.39    1.46
 16  6   19.0625000  204.6875000   11.51    1.21  -50.06    1.10    4.38    1.42
 16  7   19.1250000  204.6875000   -4.73    1.29  -45.95    1.19    7.40    1.51
 16  8   19.1875000  204.6875000   -3.04    1.22  -43.48    1.12    9.22    1.34
 16  9   19.2500000  204.6875000    5.06    1.07  -51.25    0.87    5.75    0.94
 16 10   19.3125000  204.6875000    8.20    1.11  -47.91    0.97    3.82    1.03
 16 11   19.3750000  204.6875000   13.37    1.15  -47.01    1.04    5.01    1.21
 16 12   19.4375000  204.6875000   25.46    1.16  -53.64    1.06    5.08    1.25
 16 13   19.5000000  204.6875000   30.39    1.18  -55.19    1.09    1.53    1.29
 16 14   19.5625000  204.6875000   34.53    1.22  -60.16    1.13   -0.51    1.38
 16 15   19.6250000  204.6875000   39.27    1.24  -62.55    1.15    0.18    1.41
 16 16   19.6875000  204.6875000   35.98    1.30  -62.71    1.20   -2.09    1.47
 16 17   19.7500000  204.6875000   35.01    1.20  -59.35    1.10   -0.58    1.37
 16 18   19.8125000  204.6875000   37.24    1.21  -62.09    1.11   -0.66    1.39
 16 19   19.8750000  204.6875000   35.64    1.24  -62.66    1.14   -2.09    1.43
 16 20   19.9375000  204.6875000   35.57    1.25  -62.83    1.15   -2.02    1.46
 16 21   20.0000000  204.6875000   35.80    1.34  -63.59    1.23   -1.99    1.55
 16 22   20.0625000  204.6875000   35.88    1.41  -63.46    1.30   -1.88    1.64
 16 23   20.1250000  204.6875000   35.32    1.67  -63.26    1.52   -1.55    1.92
 16 24   20.1875000  204.6875000   35.32    1.67  -63.26    1.52   -1.55    1.93
 16 25   20.2500000  204.6875000   34.69    2.20  -62.61    2.20    0.00    2.20
 16 26   20.3125000  204.6875000   34.69    2.20  -62.61    2.20    0.00    2.20
 16 27   20.3750000  204.6875000   34.69    2.20  -62.61    2.20    0.00    2.20
 16 28   20.4375000  204.6875000   34.69    2.20  -62.61    2.20    0.00    2.20
 16 29   20.5000000  204.6875000   34.69    2.20  -62.61    2.20    0.00    2.20
 17  1   18.7500000  204.7500000   34.69    2.20  -62.61    2.20    0.00    2.20
 17  2   18.8125000  204.7500000    6.73    1.67  -53.32    1.53    4.40    2.02
 17  3   18.8750000  204.7500000   -8.56    1.30  -40.46    1.19   11.13    1.60
 17  4   18.9375000  204.7500000   -5.10    1.27  -41.37    1.15    9.65    1.56
 17  5   19.0000000  204.7500000    9.50    1.23  -48.55    1.12    5.86    1.47
 17  6   19.0625000  204.7500000   -6.14    1.35  -48.08    1.25   10.00    1.63
 17  7   19.1250000  204.7500000   -7.98    1.26  -41.22    1.16   10.48    1.46
 17  8   19.1875000  204.7500000   -6.24    1.21  -43.77    1.12    9.37    1.34
 17  9   19.2500000  204.7500000   -7.25    1.15  -46.03    1.04    9.63    1.14
 17 10   19.3125000  204.7500000  -12.08    1.12  -40.20    0.97    8.02    1.02
 17 11   19.3750000  204.7500000    4.95    1.14  -44.18    1.01    5.75    1.15
 17 12   19.4375000  204.7500000   22.19    1.16  -51.99    1.06    5.21    1.26
 17 13   19.5000000  204.7500000   27.80    1.20  -54.42    1.11    2.53    1.35
 17 14   19.5625000  204.7500000   33.56    1.22  -57.51    1.13   -1.78    1.41
 17 15   19.6250000  204.7500000   42.93    1.29  -64.81    1.20    0.81    1.48
 17 16   19.6875000  204.7500000   34.18    1.19  -57.88    1.09   -0.27    1.37
 17 17   19.7500000  204.7500000   34.18    1.20  -57.60    1.10   -0.43    1.38
 17 18   19.8125000  204.7500000   36.20    1.21  -60.12    1.11   -1.61    1.41
 17 19   19.8750000  204.7500000   36.30    1.25  -62.80    1.14   -1.89    1.45
 17 20   19.9375000  204.7500000   35.61    1.31  -63.34    1.20   -2.02    1.52
 17 21   20.0000000  204.7500000   35.82    1.34  -63.59    1.23   -2.00    1.56
 17 22   20.0625000  204.7500000   35.89    1.41  -63.46    1.30   -1.89    1.64
 17 23   20.1250000  204.7500000   35.90    1.41  -63.45    1.30   -1.89    1.65
 17 24   20.1875000  204.7500000   35.32    1.67  -63.26    1.52   -1.55    1.93
 17 25   20.2500000  204.7500000   34.69    2.20  -62.61    2.20    0.00    2.20
 17 26   20.3125000  204.7500000   34.69    2.20  -62.61    2.20    0.00    2.20
 17 27   20.3750000  204.7500000   34.69    2.20  -62.61    2.20    0.00    2.20
 17 28   20.4375000  204.7500000   34.69    2.20  -62.61    2.20    0.00    2.20
 17 29   20.5000000  204.7500000   34.69    2.20  -62.61    2.20    0.00    2.20
 18  1   18.7500000  204.8125000   34.69    2.20  -62.61    2.20    0.00    2.20
 18  2   18.8125000  204.8125000   34.69    2.20  -62.61    2.20    0.00    2.20
 18  3   18.8750000  204.8125000   -9.14    1.30  -39.97    1.18   12.18    1.59
 18  4   18.9375000  204.8125000   -0.19    1.26  -45.01    1.15    6.70    1.55
 18  5   19.0000000  204.8125000    5.02    1.24  -47.46    1.13    7.48    1.51
 18  6   19.0625000  204.8125000    7.42    1.22  -49.34    1.11    6.09    1.44
 18  7   19.1250000  204.8125000   -8.86    1.26  -40.36    1.16   12.19    1.47
 18  8   19.1875000  204.8125000   -7.41    1.21  -43.70    1.12    8.87    1.35
 18  9   19.2500000  204.8125000  -11.54    1.13  -42.99    0.99   12.22    1.09
 18 10   19.3125000  204.8125000  -19.72    1.08  -32.95    0.90   14.31    0.94
 18 11   19.3750000  204.8125000    9.53    1.04  -50.99    0.84    1.69    0.98
 18 12   19.4375000  204.8125000   23.66    1.17  -54.60    1.08    1.99    1.26
 18 13   19.5000000  204.8125000   28.81    1.21  -54.87    1.11    2.03    1.36
 18 14   19.5625000  204.8125000   35.94    1.22  -59.13    1.13   -0.44    1.40
 18 15   19.6250000  204.8125000   33.96    1.19  -57.69    1.09   -0.17    1.36
 18 16   19.6875000  204.8125000   34.22    1.19  -57.49    1.09   -0.29    1.36
 18 17   19.7500000  204.8125000   34.25    1.20  -56.87    1.10   -0.86    1.38
 18 18   19.8125000  204.8125000   36.10    1.21  -61.33    1.11   -2.55    1.40
 18 19   19.8750000  204.8125000   36.69    1.26  -62.98    1.16   -1.91    1.46
 18 20   19.9375000  204.8125000   35.86    1.34  -63.59    1.23   -2.02    1.55
 18 21   20.0000000  204.8125000   35.91    1.41  -63.45    1.30   -1.90    1.63
 18 22   20.0625000  204.8125000   35.91    1.41  -63.45    1.30   -1.90    1.65
 18 23   20.1250000  204.8125000   35.91    1.41  -63.45    1.30   -1.90    1.65
 18 24   20.1875000  204.8125000   34.69    2.20  -62.61    2.20    0.00    2.20
 18 25   20.2500000  204.8125000   34.69    2.20  -62.61    2.20    0.00    2.20
 18 26   20.3125000  204.8125000   34.69    2.20  -62.61    2.20    0.00    2.20
 18 27   20.3750000  204.8125000   34.69    2.20  -62.61    2.20    0.00    2.20
 18 28   20.4375000  204.8125000   34.69    2.20  -62.61    2.20    0.00    2.20
 18 29   20.5000000  204.8125000   34.69    2.20  -62.61    2.20    0.00    2.20
 19  1   18.7500000  204.8750000   34.69    2.20  -62.61    2.20    0.00    2.20
 19  2   18.8125000  204.8750000   34.69    2.20  -62.61    2.20    0.00    2.20
 19  3   18.8750000  204.8750000   -9.17    1.32  -41.17    1.20   12.52    1.62
 19  4   18.9375000  204.8750000    0.38    1.26  -46.04    1.14    5.47    1.54
 19  5   19.0000000  204.8750000    6.24    1.24  -48.95    1.13    7.31    1.51
 19  6   19.0625000  204.8750000    6.46    1.23  -48.17    1.12    6.59    1.47
 19  7   19.1250000  204.8750000  -11.37    1.27  -39.12    1.17   13.40    1.50
 19  8   19.1875000  204.8750000   -6.07    1.22  -43.00    1.13    8.36    1.38
 19  9   19.2500000  204.8750000   -8.57    1.17  -37.48    1.06   11.12    1.19
 19 10   19.3125000  204.8750000  -12.74    1.05  -31.05    0.75   13.81    0.84
 19 11   19.3750000  204.8750000   15.59    1.07  -53.52    0.93   -0.62    1.01
 19 12   19.4375000  204.8750000   30.97    1.15  -57.43    1.05    0.15    1.18
 19 13   19.5000000  204.8750000   28.61    1.20  -54.35    1.11    1.20    1.35
 19 14   19.5625000  204.8750000   36.33    1.23  -59.79    1.13   -0.27    1.39
 19 15   19.6250000  204.8750000   39.41    1.29  -62.98    1.19   -1.41    1.44
 19 16   19.6875000  204.8750000   34.97    1.19  -57.95    1.09   -1.08    1.31
 19 17   19.7500000  204.8750000   34.75    1.20  -58.81    1.10   -1.33    1.32
 19 18   19.8125000  204.8750000   36.44    1.22  -61.48    1.11   -2.48    1.39
 19 19   19.8750000  204.8750000   35.67    1.28  -62.50    1.18   -2.81    1.47
 19 20   19.9375000  204.8750000   37.00    1.33  -63.40    1.23   -1.60    1.54
 19 21   20.0000000  204.8750000   35.93    1.41  -63.45    1.30   -1.92    1.63
 19 22   20.0625000  204.8750000   35.92    1.41  -63.45    1.30   -1.91    1.65
 19 23   20.1250000  204.8750000   35.92    1.41  -63.45    1.30   -1.90    1.66
 19 24   20.1875000  204.8750000   34.69    2.20  -62.61    2.20    0.00    2.20
 19 25   20.2500000  204.8750000   34.69    2.20  -62.61    2.20    0.00    2.20
 19 26   20.3125000  204.8750000   34.69    2.20  -62.61    2.20    0.00    2.20
 19 27   20.3750000  204.8750000   34.69    2.20  -62.61    2.20    0.00    2.20
 19 28   20.4375000  204.8750000   34.69    2.20  -62.61    2.20    0.00    2.20
 19 29   20.5000000  204.8750000   34.69    2.20  -62.61    2.20    0.00    2.20
 20  1   18.7500000  204.9375000   34.69    2.20  -62.61    2.20    0.00    2.20
 20  2   18.8125000  204.9375000   34.69    2.20  -62.61    2.20    0.00    2.20
 20  3   18.8750000  204.9375000  -10.25    1.35  -40.64    1.22   13.18    1.63
 20  4   18.9375000  204.9375000   -0.33    1.26  -45.37    1.14    6.26    1.55
 20  5   19.0000000  204.9375000    4.29    1.24  -48.16    1.13    6.02    1.51
 20  6   19.0625000  204.9375000    6.85    1.23  -49.39    1.12    5.64    1.48
 20  7   19.1250000  204.9375000  -16.71    1.42  -35.14    1.30   16.93    1.65
 20  8   19.1875000  204.9375000   -6.91    1.25  -41.97    1.16    9.16    1.46
 20  9   19.2500000  204.9375000   -2.49    1.21  -42.08    1.12    8.26    1.34
 20 10   19.3125000  204.9375000    1.16    1.19  -42.23    1.09    6.95    1.26
 20 11   19.3750000  204.9375000   16.68    1.07  -49.44    0.80    0.92    1.04
 20 12   19.4375000  204.9375000   34.65    1.14  -61.43    1.00    0.38    1.14
 20 13   19.5000000  204.9375000   36.45    1.20  -59.95    1.10   -0.41    1.30
 20 14   19.5625000  204.9375000   35.19    1.22  -61.37    1.14   -4.31    1.36
 20 15   19.6250000  204.9375000   38.21    1.26  -62.29    1.16   -2.52    1.38
 20 16   19.6875000  204.9375000   37.45    1.27  -63.57    1.15   -1.89    1.21
 20 17   19.7500000  204.9375000   36.08    1.17  -61.06    1.05   -1.33    1.17
 20 18   19.8125000  204.9375000   38.27    1.22  -62.86    1.12   -2.64    1.37
 20 19   19.8750000  204.9375000   35.25    1.29  -62.27    1.18   -2.75    1.49
 20 20   19.9375000  204.9375000   37.03    1.33  -63.40    1.23   -1.61    1.54
 20 21   20.0000000  204.9375000   35.94    1.41  -63.45    1.30   -1.93    1.64
 20 22   20.0625000  204.9375000   36.42    1.57  -63.62    1.48   -2.21    1.88
 20 23   20.1250000  204.9375000   36.42    1.57  -63.62    1.48   -2.21    1.89
 20 24   20.1875000  204.9375000   34.69    2.20  -62.61    2.20    0.00    2.20
 20 25   20.2500000  204.9375000   34.69    2.20  -62.61    2.20    0.00    2.20
 20 26   20.3125000  204.9375000   34.69    2.20  -62.61    2.20    0.00    2.20
 20 27   20.3750000  204.9375000   34.69    2.20  -62.61    2.20    0.00    2.20
 20 28   20.4375000  204.9375000   34.69    2.20  -62.61    2.20    0.00    2.20
 20 29   20.5000000  204.9375000   34.69    2.20  -62.61    2.20    0.00    2.20
 21  1   18.7500000  205.0000000   34.69    2.20  -62.61    2.20    0.00    2.20
 21  2   18.8125000  205.0000000   34.69    2.20  -62.61    2.20    0.00    2.20
 21  3   18.8750000  205.0000000  -15.57    1.51  -36.41    1.38   14.81    1.82
 21  4   18.9375000  205.0000000   -3.91    1.28  -41.68    1.16   12.10    1.58
 21  5   19.0000000  205.0000000    6.19    1.25  -49.04    1.13    5.45    1.52
 21  6   19.0625000  205.0000000    8.40    1.23  -49.63    1.12    4.83    1.49
 21  7   19.1250000  205.0000000    8.19    1.22  -49.84    1.12    5.28    1.46
 21  8   19.1875000  205.0000000   -4.84    1.31  -42.04    1.20    9.14    1.55
 21  9   19.2500000  205.0000000    2.92    1.24  -45.98    1.14    7.67    1.44
 21 10   19.3125000  205.0000000   10.57    1.21  -48.90    1.12    3.83    1.36
 21 11   19.3750000  205.0000000   20.01    1.19  -53.51    1.09    1.52    1.29
 21 12   19.4375000  205.0000000   30.34    1.12  -61.34    0.78   -0.09    1.10
 21 13   19.5000000  205.0000000   35.99    1.18  -61.06    1.07   -1.69    1.19
 21 14   19.5625000  205.0000000   36.94    1.22  -62.08    1.12   -3.29    1.29
 21 15   19.6250000  205.0000000   38.02    1.26  -62.25    1.16   -2.64    1.37
 21 16   19.6875000  205.0000000   37.68    1.32  -63.47    1.23   -1.79    1.35
 21 17   19.7500000  205.0000000   36.89    1.20  -61.07    1.09   -2.11    1.29
 21 18   19.8125000  205.0000000   35.68    1.24  -61.87    1.14   -3.54    1.41
 21 19   19.8750000  205.0000000   35.16    1.29  -62.24    1.18   -2.79    1.49
 21 20   19.9375000  205.0000000   37.82    1.40  -63.43    1.30   -1.62    1.64
 21 21   20.0000000  205.0000000   36.42    1.57  -63.62    1.48   -2.21    1.86
 21 22   20.0625000  205.0000000   36.42    1.57  -63.62    1.48   -2.21    1.88
 21 23   20.1250000  205.0000000   36.42    1.57  -63.62    1.48   -2.21    1.89
 21 24   20.1875000  205.0000000   34.69    2.20  -62.61    2.20    0.00    2.20
 21 25   20.2500000  205.0000000   34.69    2.20  -62.61    2.20    0.00    2.20
 21 26   20.3125000  205.0000000   34.69    2.20  -62.61    2.20    0.00    2.20
 21 27   20.3750000  205.0000000   34.69    2.20  -62.61    2.20    0.00    2.20
 21 28   20.4375000  205.0000000   34.69    2.20  -62.61    2.20    0.00    2.20
 21 29   20.5000000  205.0000000   34.69    2.20  -62.61    2.20    0.00    2.20
 22  1   18.7500000  205.0625000   34.69    2.20  -62.61    2.20    0.00    2.20
 22  2   18.8125000  205.0625000   34.69    2.20  -62.61    2.20    0.00    2.20
 22  3   18.8750000  205.0625000  -16.78    1.86  -25.14    1.71   14.44    2.07
 22  4   18.9375000  205.0625000  -18.62    1.40  -35.77    1.27   16.69    1.70
 22  5   19.0000000  205.0625000    6.41    1.25  -49.42    1.14    6.43    1.53
 22  6   19.0625000  205.0625000    8.74    1.24  -49.88    1.13    3.35    1.50
 22  7   19.1250000  205.0625000   10.70    1.23  -50.44    1.12    4.65    1.47
 22  8   19.1875000  205.0625000   10.97    1.22  -50.15    1.12    4.53    1.45
 22  9   19.2500000  205.0625000   10.72    1.31  -48.53    1.19    5.26    1.55
 22 10   19.3125000  205.0625000   16.75    1.25  -50.91    1.15    1.88    1.44
 22 11   19.3750000  205.0625000   22.27    1.23  -53.55    1.13    0.52    1.39
 22 12   19.4375000  205.0625000   29.51    1.22  -58.46    1.11   -2.35    1.31
 22 13   19.5000000  205.0625000   35.36    1.18  -61.28    1.05   -4.46    1.13
 22 14   19.5625000  205.0625000   36.70    1.23  -61.05    1.12   -2.83    1.28
 22 15   19.6250000  205.0625000   35.15    1.29  -61.83    1.19   -3.25    1.43
 22 16   19.6875000  205.0625000   35.62    1.32  -61.78    1.23   -3.49    1.47
 22 17   19.7500000  205.0625000   34.35    1.24  -60.94    1.14   -4.77    1.43
 22 18   19.8125000  205.0625000   37.36    1.28  -62.76    1.17   -3.18    1.49
 22 19   19.8750000  205.0625000   34.74    1.33  -61.82    1.21   -3.33    1.57
 22 20   19.9375000  205.0625000   37.84    1.40  -63.44    1.30   -1.61    1.64
 22 21   20.0000000  205.0625000   36.42    1.57  -63.62    1.48   -2.21    1.87
 22 22   20.0625000  205.0625000   36.42    1.57  -63.62    1.48   -2.21    1.88
 22 23   20.1250000  205.0625000   36.42    1.58  -63.62    1.48   -2.21    1.89
 22 24   20.1875000  205.0625000   34.69    2.20  -62.61    2.20    0.00    2.20
 22 25   20.2500000  205.0625000   34.69    2.20  -62.61    2.20    0.00    2.20
 22 26   20.3125000  205.0625000   34.69    2.20  -62.61    2.20    0.00    2.20
 22 27   20.3750000  205.0625000   34.69    2.20  -62.61    2.20    0.00    2.20
 22 28   20.4375000  205.0625000   34.69    2.20  -62.61    2.20    0.00    2.20
 22 29   20.5000000  205.0625000   34.69    2.20  -62.61    2.20    0.00    2.20
 23  1   18.7500000  205.1250000   34.69    2.20  -62.61    2.20    0.00    2.20
 23  2   18.8125000  205.1250000   34.69    2.20  -62.61    2.20    0.00    2.20
 23  3   18.8750000  205.1250000   34.69    2.20  -62.61    2.20    0.00    2.20
 23  4   18.9375000  205.1250000  -16.83    1.45  -35.31    1.31   17.04    1.75
 23  5   19.0000000  205.1250000   -1.24    1.30  -45.92    1.17    9.75    1.59
 23  6   19.0625000  205.1250000    8.49    1.25  -49.78    1.14    4.36    1.53
 23  7   19.1250000  205.1250000   11.53    1.23  -50.85    1.12    2.89    1.48
 23  8   19.1875000  205.1250000   13.44    1.23  -50.80    1.12    3.61    1.47
 23  9   19.2500000  205.1250000   15.15    1.22  -51.02    1.12    3.43    1.46
 23 10   19.3125000  205.1250000   29.35    1.33  -59.19    1.20   -2.57    1.58
 23 11   19.3750000  205.1250000   29.91    1.27  -59.71    1.17   -6.23    1.49
 23 12   19.4375000  205.1250000   30.49    1.25  -59.68    1.14   -6.41    1.40
 23 13   19.5000000  205.1250000   32.58    1.22  -58.29    1.07   -5.68    1.31
 23 14   19.5625000  205.1250000   33.16    1.35  -60.41    1.23   -4.77    1.51
 23 15   19.6250000  205.1250000   34.86    1.32  -61.37    1.24   -3.96    1.50
 23 16   19.6875000  205.1250000   35.15    1.33  -61.54    1.24   -3.77    1.53
 23 17   19.7500000  205.1250000   34.61    1.26  -61.02    1.16   -4.44    1.49
 23 18   19.8125000  205.1250000   37.41    1.29  -61.79    1.18   -3.03    1.53
 23 19   19.8750000  205.1250000   35.25    1.35  -61.54    1.25   -3.75    1.60
 23 20   19.9375000  205.1250000   37.86    1.40  -63.43    1.30   -1.60    1.65
 23 21   20.0000000  205.1250000   36.42    1.57  -63.62    1.48   -2.22    1.88
 23 22   20.0625000  205.1250000   36.42    1.57  -63.62    1.48   -2.21    1.89
 23 23   20.1250000  205.1250000   36.42    1.58  -63.62    1.48   -2.21    1.89
 23 24   20.1875000  205.1250000   34.69    2.20  -62.61    2.20    0.00    2.20
 23 25   20.2500000  205.1250000   34.69    2.20  -62.61    2.20    0.00    2.20
 23 26   20.3125000  205.1250000   34.69    2.20  -62.61    2.20    0.00    2.20
 23 27   20.3750000  205.1250000   34.69    2.20  -62.61    2.20    0.00    2.20
 23 28   20.4375000  205.1250000   34.69    2.20  -62.61    2.20    0.00    2.20
 23 29   20.5000000  205.1250000   34.69    2.20  -62.61    2.20    0.00    2.20
 24  1   18.7500000  205.1875000   34.69    2.20  -62.61    2.20    0.00    2.20
 24  2   18.8125000  205.1875000   34.69    2.20  -62.61    2.20    0.00    2.20
 24  3   18.8750000  205.1875000   34.69    2.20  -62.61    2.20    0.00    2.20
 24  4   18.9375000  205.1875000   34.69    2.20  -62.61    2.20    0.00    2.20
 24  5   19.0000000  205.1875000   -7.12    1.51  -35.67    1.32   14.96    1.80
 24  6   19.0625000  205.1875000    8.84    1.27  -48.95    1.15    5.40    1.56
 24  7   19.1250000  205.1875000   10.60    1.25  -50.55    1.13    3.86    1.52
 24  8   19.1875000  205.1875000   11.72    1.25  -50.61    1.13    3.58    1.51
 24  9   19.2500000  205.1875000   14.09    1.24  -50.76    1.13    2.11    1.49
 24 10   19.3125000  205.1875000   15.50    1.23  -50.46    1.12    1.82    1.47
 24 11   19.3750000  205.1875000   31.62    1.39  -60.43    1.26   -4.91    1.65
 24 12   19.4375000  205.1875000   31.50    1.37  -60.08    1.25   -5.35    1.60
 24 13   19.5000000  205.1875000   31.82    1.37  -59.99    1.24   -5.42    1.58
 24 14   19.5625000  205.1875000   32.53    1.38  -60.38    1.25   -4.92    1.61
 24 15   19.6250000  205.1875000   30.99    1.24  -56.75    1.14   -2.35    1.46
 24 16   19.6875000  205.1875000   34.02    1.26  -60.82    1.16   -4.70    1.50
 24 17   19.7500000  205.1875000   35.17    1.29  -59.93    1.17   -2.99    1.53
 24 18   19.8125000  205.1875000   34.40    1.33  -61.74    1.21   -3.46    1.58
 24 19   19.8750000  205.1875000   35.10    1.35  -61.49    1.25   -3.82    1.62
 24 20   19.9375000  205.1875000   37.89    1.41  -63.43    1.30   -1.58    1.66
 24 21   20.0000000  205.1875000   36.42    1.57  -63.62    1.48   -2.22    1.88
 24 22   20.0625000  205.1875000   36.42    1.57  -63.62    1.48   -2.22    1.89
 24 23   20.1250000  205.1875000   34.69    2.20  -62.61    2.20    0.00    2.20
 24 24   20.1875000  205.1875000   34.69    2.20  -62.61    2.20    0.00    2.20
 24 25   20.2500000  205.1875000   34.69    2.20  -62.61    2.20    0.00    2.20
 24 26   20.3125000  205.1875000   34.69    2.20  -62.61    2.20    0.00    2.20
 24 27   20.3750000  205.1875000   34.69    2.20  -62.61    2.20    0.00    2.20
 24 28   20.4375000  205.1875000   34.69    2.20  -62.61    2.20    0.00    2.20
 24 29   20.5000000  205.1875000   34.69    2.20  -62.61    2.20    0.00    2.20
 25  1   18.7500000  205.2500000   34.69    2.20  -62.61    2.20    0.00    2.20
 25  2   18.8125000  205.2500000   34.69    2.20  -62.61    2.20    0.00    2.20
 25  3   18.8750000  205.2500000   34.69    2.20  -62.61    2.20    0.00    2.20
 25  4   18.9375000  205.2500000   34.69    2.20  -62.61    2.20    0.00    2.20
 25  5   19.0000000  205.2500000  -16.78    1.86  -25.14    1.71   14.44    2.07
 25  6   19.0625000  205.2500000    8.19    1.37  -46.24    1.21    6.36    1.66
 25  7   19.1250000  205.2500000   13.75    1.27  -51.19    1.15    3.37    1.54
 25  8   19.1875000  205.2500000   14.39    1.25  -51.41    1.14    2.87    1.52
 25  9   19.2500000  205.2500000   15.75    1.25  -51.54    1.14    2.51    1.52
 25 10   19.3125000  205.2500000   16.34    1.25  -51.13    1.14    2.28    1.50
 25 11   19.3750000  205.2500000   20.47    1.23  -53.42    1.13    0.84    1.47
 25 12   19.4375000  205.2500000   23.83    1.24  -53.84    1.13   -0.38    1.46
 25 13   19.5000000  205.2500000   27.08    1.24  -54.96    1.13   -1.77    1.46
 25 14   19.5625000  205.2500000   27.40    1.24  -55.02    1.14   -1.71    1.47
 25 15   19.6250000  205.2500000   33.17    1.27  -60.65    1.16   -4.96    1.51
 25 16   19.6875000  205.2500000   33.88    1.27  -61.44    1.16   -4.44    1.52
 25 17   19.7500000  205.2500000   34.11    1.33  -61.69    1.21   -3.56    1.59
 25 18   19.8125000  205.2500000   34.18    1.33  -61.71    1.21   -3.50    1.60
 25 19   19.8750000  205.2500000   34.99    1.35  -61.47    1.25   -3.86    1.63
 25 20   19.9375000  205.2500000   36.42    1.57  -63.62    1.48   -2.22    1.88
 25 21   20.0000000  205.2500000   36.42    1.57  -63.62    1.48   -2.22    1.89
 25 22   20.0625000  205.2500000   36.42    1.58  -63.62    1.48   -2.22    1.89
 25 23   20.1250000  205.2500000   34.69    2.20  -62.61    2.20   -0.00    2.20
 25 24   20.1875000  205.2500000   34.69    2.20  -62.61    2.20   -0.00    2.20
 25 25   20.2500000  205.2500000   34.69    2.20  -62.61    2.20   -0.00    2.20
 25 26   20.3125000  205.2500000   34.69    2.20  -62.61    2.20   -0.00    2.20
 25 27   20.3750000  205.2500000   34.69    2.20  -62.61    2.20   -0.00    2.20
 25 28   20.4375000  205.2500000   34.69    2.20  -62.61    2.20   -0.00    2.20
 25 29   20.5000000  205.2500000   34.69    2.20  -62.61    2.20    0.00    2.20
